0,0.5,0.5,0.5,0.5,0.5,0.5
1,0.5005415317749197,0.5029803046320973,0.5099977735061723,0.5099999764797645,0.5000055281450244,0.500009934190609
2,0.513132757221887,0.5164647526940157,0.5048995169024316,0.5049016978537224,0.4950089860717639,0.49501440128921304
3,0.5243498312969621,0.525360206952064,0.5098471804456534,0.5098493396021498,0.49006231626435104,0.49006774734284786
4,0.5315229429963576,0.5308629487049797,0.5180950443475636,0.5213822404388571,0.4885190591117917,0.4918094926981886
5,0.5433529747899369,0.5412727396555235,0.5290020314223447,0.5400305523909581,0.4905772162683495,0.48994772774389367
6,0.5484663246711607,0.5450005475495591,0.5308469426313155,0.5374969447545048,0.4999391547490261,0.490793176479004
7,0.5565169695658806,0.5545135002259262,0.5387689904207587,0.5488306876936193,0.5049240352945705,0.49586922979489373
8,0.5668785049314095,0.5666658530835778,0.5334030842352663,0.543364571353881,0.4998955906562162,0.4909310289714279
9,0.5737534519773098,0.5739765510584685,0.5459099425246758,0.5599423635185454,0.4988605684452201,0.4920687446488614
10,0.5850689245565436,0.586812988511263,0.5453893210330016,0.559410994189733,0.4939027478906445,0.48717842320307014
11,0.5918119198571011,0.594613142041288,0.5444428640753739,0.559317204305038,0.4890002743359057,0.4823426952254619
12,0.599482694166921,0.6025822294887737,0.5570386220172199,0.5754306811194859,0.4841530158298768,0.47756143056325456
13,0.6030348601188311,0.6050425721644973,0.5543241174875908,0.5768339925378018,0.4793682256127937,0.4728522568776334
14,0.613788392686214,0.6100149430927849,0.5522383470018559,0.5875060924312467,0.48281927111714357,0.46987613895224445
15,0.6243535180847634,0.6220058580761131,0.5467900622868522,0.5817098624505824,0.47805586258310095,0.46524042504412116
16,0.6316099145214122,0.6305933609959263,0.5414052405049128,0.5759811483532702,0.47334884243358955,0.46065976109764295
17,0.6416353348605248,0.6412954371440535,0.5597558641437368,0.5957936051093349,0.4803271034109947,0.4641593708595865
18,0.6431983226999415,0.6420602374822199,0.5593775483732035,0.6044554046436253,0.47561558152651434,0.4596070416066472
19,0.646342257765387,0.6449405745542628,0.5636905142919396,0.6083271328154736,0.4783684170903258,0.4673006302468994
20,0.650205396404338,0.6491878777359399,0.5630171211027492,0.6170868678754594,0.47611804550715675,0.470089324388318
21,0.6527616273490175,0.6526546014878476,0.5631971857911776,0.6151520057972266,0.48688803723118457,0.47932994347415603
22,0.6610165126802447,0.6590354678946804,0.5650483277822297,0.6310057206412067,0.48943340743160013,0.4771129391040099
23,0.6668093145141942,0.6650503495926388,0.5595707629442814,0.6248887664304148,0.48825185687076317,0.4786221956740525
24,0.6731252242447197,0.6723421689802865,0.5584394090556511,0.6242368028176252,0.48353153646708236,0.4739949728977411
25,0.6761471882000498,0.6765642589262831,0.5576148993891225,0.623300203604271,0.4885138598070261,0.4790695619812187
26,0.6819365375702613,0.6791393552221533,0.5543273238797288,0.6248487507981293,0.48589094075417033,0.48200464004071397
27,0.6906705389928705,0.6887368851240934,0.5490150957723411,0.6188607019434852,0.4863042460979194,0.4818989976800543
28,0.6949822235120385,0.6940363425345641,0.5486245590141573,0.6176475203788065,0.4816954891221956,0.47734114456792576
29,0.7051834631384013,0.704715704326387,0.5498285264077413,0.6243821706732581,0.47710886531402547,0.4727959820996531
30,0.7067914477607169,0.7068583332221351,0.5541005143073613,0.6279466675725414,0.4763956062333525,0.47398597886150445
31,0.7094979770831086,0.7082970286020672,0.5740611813898274,0.6440908098048835,0.4718932893302113,0.4695052455956089
32,0.7093229925025716,0.7090572598590228,0.5830344270383756,0.6519070949426528,0.4768693953159562,0.4745038531968816
33,0.7145636280303541,0.7151599738861314,0.5869487120865136,0.6551748343964188,0.48740618167349586,0.48320418341665544
34,0.7154877353891613,0.7170459662830584,0.5814597821427883,0.6490478786797773,0.4868730033272256,0.484012246509927
35,0.7179595055790196,0.7197325983666477,0.5906898592722414,0.6563002768808935,0.487669336844958,0.48348711951596995
36,0.7228727969733602,0.7245836735764275,0.5970587347324443,0.65691712747491,0.48314519374092657,0.47900177513633796
37,0.7243968708048172,0.7235959181809126,0.5977803231888391,0.6538491966394252,0.4849191663351589,0.4775775057396
38,0.7254356248516656,0.7246358585676721,0.5961518503784659,0.6531629439396816,0.489657710376398,0.4823836481800865
39,0.7304292801793821,0.7302228431758602,0.5951240493165879,0.651907377410685,0.503195914837154,0.4965772221921786
40,0.7319325394404119,0.7321809626474903,0.5953952219576095,0.6493839331645123,0.5043054083351011,0.4954700973021254
41,0.7352924151043408,0.7359694643708597,0.5955663222950751,0.6469913924960565,0.5067303424664686,0.5021225580672843
42,0.7370622524131882,0.7383337460829124,0.6038938190464035,0.654537803255285,0.5111861923126696,0.5066201544556909
43,0.7396689412669682,0.7397755103980134,0.5984656071502712,0.6486543684890391,0.5128785763595052,0.5047677411399457
44,0.7459750542357176,0.7465656420182117,0.602057002919558,0.651796866957503,0.5216079911536249,0.5137688539303631
45,0.7460144892066979,0.7472056819139912,0.6009723006002835,0.6506225523644213,0.5258651557627162,0.5180957806749853
46,0.7480000466379896,0.7495153422855507,0.5993137522842492,0.6500537762234105,0.5248717355843231,0.5187006033072844
47,0.7512686690259304,0.7508240479318721,0.6004928867106161,0.6466787116018667,0.5355124110058643,0.5252882392624496
48,0.7531462804917873,0.7524637372608697,0.5976360001053224,0.6473707625061627,0.5332247338715496,0.5270435305298843
49,0.7539459868147912,0.7537115606526082,0.5986927082488119,0.6528901485812153,0.5341593358138004,0.5255840300309441
50,0.755050831668891,0.7554318239286293,0.6154189519169125,0.6686294207929034,0.5336047485326595,0.5256212798125399
51,0.7549844020648153,0.7553559459276619,0.6101193223048611,0.6628715736111006,0.5290218589788709,0.5211045878606237
52,0.7580370975960519,0.7589203428817209,0.609505202117812,0.6611486120704838,0.5284447881144682,0.5212525249893182
53,0.7608590455687125,0.7620648380701371,0.6090808158112712,0.6592697446038812,0.5277045482128389,0.5215937499030806
54,0.7637374852098298,0.7654140810072357,0.6085007786749502,0.6575800064568303,0.5271276213269289,0.5217537005323756
55,0.7664683705808408,0.7683554126486684,0.606760373186861,0.6570837652251429,0.5260712646398874,0.5223992278053833
56,0.7655595122548876,0.7683024017275331,0.6145556679497887,0.6637904374960921,0.5217772535318401,0.5181436594019007
57,0.7692805013523835,0.771578240249547,0.617754599773323,0.6665807534495,0.520259541438731,0.5193303419775314
58,0.7696534893956646,0.7724857470482194,0.6214920384491647,0.6687440861825935,0.5159733002191913,0.5150522973855521
59,0.770668821633527,0.7737043915060634,0.6327825909257028,0.6796476247720605,0.5199376832390009,0.5190242237848004
60,0.7733732948353078,0.7765539296531118,0.6276348355455557,0.6741186172310876,0.5157079334891128,0.5148019051273783
61,0.774734557087089,0.778140248583143,0.6363941197530196,0.6790799093010492,0.5150116200493785,0.5152547111585919
62,0.7772222653180613,0.7804055152579192,0.6312884024216951,0.6736317287559207,0.5108862238043547,0.5111321725355603
63,0.778472560886063,0.7816559030885654,0.6468190037285535,0.695502138936466,0.5116341804765288,0.5102088835373843
64,0.7793656046791395,0.7822718843057123,0.6524858440401994,0.7029452555984044,0.5075884569314959,0.5061750538357118
65,0.7783173017365099,0.7812377537713603,0.6473633293610128,0.6974265958092956,0.5114625115326409,0.5100575554305081
66,0.7798942850009737,0.780937682336722,0.6423187820373,0.691991932911648,0.515269416199979,0.5138754081500699
67,0.7796906804939271,0.7792423233467216,0.6373512869320407,0.6943739721860381,0.5190790807884184,0.5176349456224363
68,0.7823271030147454,0.7812381384914185,0.6485652471501339,0.6959631918542932,0.5150954067066175,0.5136623545606304
69,0.7829713491562532,0.782166678243961,0.6548956459221106,0.7022390503016562,0.511173004573923,0.5097508649826342
70,0.785896506055577,0.7852921050914845,0.6531202815535134,0.7013162940269999,0.5073113523059128,0.5059000884366024
71,0.7867814358165701,0.7862406668589617,0.6584781234600693,0.7082911909250373,0.5062675038008353,0.5068450522118689
72,0.7881747599930412,0.7870265902641811,0.6700952980543494,0.7162489412176193,0.5025056313113446,0.5030804328050613
73,0.7901470127987172,0.7892244680455748,0.6693409225726029,0.7141549059117552,0.5061735369613508,0.5067441105918459
74,0.7909794516668491,0.7900569203163712,0.6676903420806913,0.7130016252862201,0.5106094019793126,0.509525881763941
75,0.790183268098799,0.7902617402635616,0.6800468476447584,0.7196340624295833,0.5118814684255409,0.5081079766195379
76,0.790641721813676,0.791052844982708,0.6751589503368086,0.714461628488244,0.5118080203738695,0.5080377487549046
77,0.7913151104080187,0.792183352132635,0.6774735391430092,0.7164961740579222,0.5124507433410493,0.5072537941385894
78,0.7920135541655409,0.7929651163320744,0.6812552137424294,0.724057476166437,0.5088314370393999,0.5036711935153476
79,0.7935274524594157,0.7935561774365283,0.6764864679517806,0.7189891170962899,0.5052696473832127,0.5001455252555
80,0.794946127030002,0.7952675979135734,0.6787306519392243,0.7209384640670866,0.5087024015189993,0.5036134990629428
81,0.7961988455000673,0.7964864035433634,0.6897238439450578,0.7278190740570439,0.5120801227449128,0.507027216069316
82,0.7978467315888254,0.7981418788083986,0.6874515824442892,0.7272477754703571,0.5134425741613039,0.5123448903692349
83,0.7979247675583052,0.7986720570889542,0.6828136224738283,0.7223413265547179,0.515775378000241,0.5165900697403917
84,0.795110527112565,0.7973690339087636,0.6880018837781704,0.7211283015669309,0.5123497141455369,0.5131472718863124
85,0.7946419278963269,0.7972823150714206,0.6900669591604404,0.7229741174526796,0.5089597507669033,0.5097536511724844
86,0.7958340736850537,0.798690591066516,0.6954291070931448,0.7280141665695149,0.5121784209902552,0.5129671175381778
87,0.7974693062665519,0.7991561960153863,0.6956803200124376,0.7250145489023481,0.5201096551930925,0.5178538989155439
88,0.796301146374284,0.7982543056342319,0.6943962462314686,0.7235951042871225,0.5232467668182438,0.5208992263460738
89,0.7980311677045223,0.8001325281010874,0.6963404780941169,0.7253535748510803,0.5240371856566304,0.5198279538066928
90,0.7989555956644895,0.8009414607131202,0.7009558683936036,0.7306775443385687,0.5279258436452029,0.5219605418499909
91,0.799503944573667,0.80153776769077,0.7051836838145771,0.7362253245745884,0.526999228565099,0.5225763111550145
92,0.8003628369450765,0.8026331698736219,0.7008338074843387,0.7316839700500967,0.5299169008196288,0.5255212658708082
93,0.8020833929553747,0.8044936729577892,0.6965560193174758,0.7272178769542189,0.5266823708117334,0.5223135674706335
94,0.8041437086995469,0.8064712740514289,0.6945700818342371,0.7266445298966047,0.523502964512118,0.5191619699930543
95,0.8053688455409775,0.8078349375526919,0.7023696154145331,0.7342524287278799,0.5203751987906434,0.5160601403496452
96,0.8060487508534611,0.8086046925826041,0.6982185264959837,0.7299129085473103,0.5172997387343383,0.5130101828077587
97,0.8071845493939732,0.8088921009554599,0.699982616303818,0.7314917260927583,0.5142758181986312,0.5100113372554519
98,0.8073160263799145,0.8091994924841771,0.6959359470910891,0.7272628995785,0.5113027431660225,0.5070633490449084
99,0.8057525161557778,0.8083323913997168,0.694022790216244,0.7267567672161543,0.5083798058629734,0.504164648400968
100,0.8067309000107481,0.8094324486812552,0.6990721110919987,0.7306337050321248,0.511158601476435,0.5069672692215269
101,0.8080748031244523,0.8109470028180451,0.6951656581003668,0.7265508841363642,0.5108974458218668,0.5071275425071231
102,0.808334554712992,0.8114445078614227,0.6945216590934573,0.7248653671788056,0.5080753365749762,0.5043262751222385
103,0.8093355334867612,0.812680288343525,0.6961895222427729,0.7263675585087085,0.505301326949251,0.501572734775687
104,0.8100284617129417,0.8135664871281196,0.69782885899369,0.7278440570182112,0.5025747618877394,0.49886628889651613
105,0.8116408180609237,0.8152044757325445,0.6959322410147827,0.7274709283744493,0.49989496402998324,0.4962062651275743
106,0.8127001645870734,0.8164393562620039,0.6955054764178675,0.72566698927864,0.49726126388774783,0.4935920006254411
107,0.8144241056563113,0.818297202820015,0.6968887933381585,0.7272964970903365,0.4971747323082323,0.49372616216889775
108,0.8147803660015298,0.8183243236914568,0.7012859706403882,0.7361435489131695,0.49461848064651043,0.4911877198425882
109,0.8149992107756905,0.8181284741615262,0.705146498245611,0.7452974688194336,0.4921064772923309,0.4886931402804969
110,0.8155667356997975,0.8189722010466184,0.7149479473448146,0.753299801729162,0.4946539580133379,0.49125774153926066
111,0.8161240179133115,0.819659742512547,0.7139233547602948,0.7520051168803047,0.49220389396565517,0.48882449928783117
112,0.8156439357626248,0.8193692816813826,0.7171970846538364,0.7562339877538926,0.4897966989663172,0.48643383171161275
113,0.8152896950475725,0.8193566999477117,0.7165845783909465,0.7545605654541071,0.4894137825438871,0.4869396314584558
114,0.8165906520268068,0.8207745399020071,0.7179354668177454,0.7557304428366635,0.4870810110564603,0.4846186529146032
115,0.8163305084561228,0.8204787020983062,0.7210568455443419,0.7550853343743904,0.4880395251077689,0.4837942526468909
116,0.8176550275146756,0.8218682603919834,0.7177087564004847,0.7515792404702459,0.4910138868157295,0.4855939835661768
117,0.8185635284449027,0.8229028655211139,0.7144201103120094,0.7481353948889994,0.4910677776753788,0.4856472795766294
118,0.8200628259072119,0.8243499149227083,0.7157112948440347,0.7492741434284687,0.488847564521593,0.48345160317746555
119,0.8195494796280403,0.8240373841181037,0.7138114073216814,0.7490998709627869,0.4866669649392024,0.4812950733574006
120,0.8192996294886029,0.8239764000484066,0.7150707613222822,0.7502039404097807,0.4865469601152954,0.48155605923011574
121,0.8193610274628312,0.8240439360020988,0.7163074931194245,0.7512881770824709,0.4887759154023511,0.4838065659738091
122,0.8193046706566541,0.8240623174267397,0.7132410748480759,0.7480720110987515,0.49353582669427304,0.4877336928474507
123,0.8198379188963154,0.8247598702603944,0.71199073364914,0.7473748792912582,0.4932133902883175,0.4881362459338112
124,0.8207392738459763,0.8257890007352965,0.7113058052858613,0.7461476297189067,0.4911603164098951,0.48610430645415786
125,0.8209666492192669,0.8256698665035977,0.7140292972560084,0.7497548506951817,0.49222190602207,0.48924009056036133
126,0.8207364759479905,0.8255978557260512,0.7132847599454779,0.748622989318919,0.49213198309789086,0.4894050156196396
127,0.8212290963498714,0.8261435220777347,0.7128708882786142,0.7471947758158592,0.4917271041463456,0.4898849956521295
128,0.8222488364592697,0.827164307977378,0.710068934762602,0.7442579115622233,0.49213931004953076,0.48954506376461304
129,0.8235344725747724,0.8284405768555149,0.7089120718977885,0.7436549701069131,0.4947928241962731,0.49083592635429446
130,0.824025129495981,0.8288395211983217,0.7144288236573091,0.744044363178863,0.49290433037989995,0.4889625363751175
131,0.8242848746176632,0.8291879727216741,0.7155026973990108,0.7450068694126607,0.4928186287345361,0.48911642692798096
132,0.8237321455538401,0.8289199647307103,0.712852079930244,0.7422469521830053,0.4931575567552129,0.4888453033569434
133,0.8229624871347929,0.8279936573236969,0.7118343117014754,0.7416040290019997,0.4929414795411482,0.4891270768272137
134,0.823600775536893,0.828258971460116,0.711796755713516,0.7400119181593291,0.49583708788156244,0.49348395608434076
135,0.8237878599026291,0.8284858018794884,0.7092774292007955,0.7373927271751287,0.4973016872972414,0.49559656674745156
136,0.823913412308252,0.8285474532585224,0.7087464846736858,0.736366940767561,0.4971129056843741,0.4958105571800154
137,0.8248328731639568,0.8295025852905692,0.706314471088451,0.7338401495348835,0.49717911533835296,0.4957686301642187
138,0.8250217928719772,0.8299632174122868,0.7051405762589167,0.7335271535062299,0.49887769974864654,0.49747197934900916
139,0.8260929154995439,0.8307846098212428,0.7050880258891263,0.7321210288703736,0.4995110231596678,0.496850794789122
140,0.8262179099744916,0.8308338225485113,0.7041291219912219,0.7316490261076626,0.4998003111407643,0.49657341392402166
141,0.8265090797178871,0.8311256110122655,0.7060564471041522,0.7347598392102335,0.5014113843626405,0.4981948805609938
142,0.8263695822329771,0.8310753202431718,0.7055438246981677,0.7338753561420467,0.4998222731635789,0.4966159650461641
143,0.8273682980976677,0.8318291920049561,0.70334370835365,0.7315868928186273,0.5004431264128425,0.49600622502290137
144,0.8275223569119513,0.8321263813772269,0.7028279678765528,0.7307683687178071,0.5050434134784274,0.5006201234562409
145,0.8280369860285484,0.8325660237543508,0.7067424124669776,0.7345984982380493,0.5047646405885906,0.5008818081509955
146,0.8278217392746945,0.8325216109259175,0.7075487668967946,0.741386410032097,0.5055102944336457,0.500121741023444
147,0.827326215918797,0.8322608893355944,0.7077126197979364,0.7399121444765259,0.5040347434088704,0.498661918383543
148,0.8277409539293235,0.8323579901183767,0.7076958226901671,0.7386441288845979,0.504299510796556,0.5012597003824826
149,0.8283451597603371,0.833127570155241,0.7080038949819449,0.7398985579135705,0.5045458012460633,0.5009977211160914
150,0.8283528236231686,0.8332380387532975,0.710068902537915,0.7421397872972724,0.5046655452817511,0.5008625967839496
151,0.8286341313766061,0.8335281190852363,0.7092378825148026,0.7417375045101867,0.5032899257744682,0.49949715770978265
152,0.828664226206685,0.8331634408600239,0.7126979067032096,0.7451104100291699,0.5046214095917917,0.5008388084425023
153,0.8287027237286106,0.8330673791153039,0.7134547814468643,0.7457818965848564,0.5070327195391066,0.503681959472245
154,0.8283623587483564,0.8329403531996424,0.7116078356036623,0.7438512643855187,0.5099765849871027,0.5057757653505885
155,0.8285112871883527,0.832898502501014,0.7104283644074824,0.7438722523376068,0.5086794337653967,0.504489299125419
156,0.8292125120488277,0.8334620928652589,0.7094353634726523,0.743730016271591,0.5089728420018971,0.5066618513725011
157,0.8296358438466978,0.8339460385631376,0.7100272398503011,0.7444804480176198,0.5090115012375435,0.5065848143830828
158,0.8299757000935877,0.8343170887557664,0.7083153556136254,0.7426854966806212,0.510332043800233,0.5076377504079731
159,0.8302251643337669,0.8344718913500947,0.7097627686975483,0.742538026785324,0.5091236694193383,0.506435771373584
160,0.8307355077979643,0.8350267211531988,0.7091743883203371,0.742074727387059,0.5079398705215258,0.5052582240182865
161,0.8308519923799685,0.8351382048705465,0.7075553287686063,0.7403805556921115,0.5067809084391118,0.5041050478176103
162,0.8308926425432183,0.8353213467599919,0.7072505767614932,0.739681317713942,0.5091702128560673,0.5061790886223441
163,0.8307709939275449,0.8354243013237218,0.7071910766427284,0.7409576929571715,0.5110431457823469,0.510873063377463
164,0.8311789123762574,0.8357336894701035,0.7056638335574711,0.7393575278102791,0.5112638399041642,0.5106050392199599
165,0.8311069707936153,0.8358024053228026,0.7048454541673859,0.7392327016108052,0.5116296350547829,0.5102045330615047
166,0.8311215386295749,0.8359922934470407,0.7033794890608809,0.7376952165639179,0.5120244300841714,0.5118444553778606
167,0.8312329062829129,0.8361478784709714,0.7019440863717493,0.7361897849809909,0.5139757375552375,0.5139258840898356
168,0.8313480468608981,0.8363602532087072,0.7030231147939295,0.7382377882664272,0.514120682314699,0.5137250821056418
169,0.8317490263393867,0.8367979520684371,0.7016423726019014,0.7367878842155372,0.5131109458027046,0.5127161225507169
170,0.8315947119665277,0.8367572836072086,0.702123795679152,0.7412410818117907,0.5135917984499528,0.5121870624952517
171,0.8320187359571928,0.8371970789256075,0.7007972690990985,0.7398406507150211,0.5132865373925923,0.5124437971238897
172,0.8320383492830282,0.8370383396339395,0.7013516044366032,0.7403226500612726,0.5123355692102363,0.5114943898527324
173,0.8324444249150664,0.8374589787962848,0.7006935013255693,0.7401784030773385,0.5114048550279512,0.5105652037657132
174,0.8326815707021971,0.8377406434678017,0.7018974683384984,0.7417512609465167,0.5104951117548402,0.509657452464517
175,0.8329549887733585,0.8380843637885228,0.7028926979882483,0.743473279076181,0.5120899696359431,0.5115192293076462
176,0.8333300650420545,0.8383752229187965,0.7031218780283366,0.7459028356140264,0.5124475838499877,0.5111212128935958
177,0.8333931583532499,0.8384635411134771,0.7036197982796589,0.746329004181488,0.5115881132091553,0.5102639668254452
178,0.8335938037083033,0.8386160216233636,0.7024633540609649,0.7451023646465579,0.5117410814182554,0.5100750833343843
179,0.8339543727489869,0.8389801569334655,0.7013320863791916,0.7439024298458816,0.5115693729884269,0.5102116589165855
180,0.8343043056295247,0.8391407747047432,0.700508490871167,0.7440235426725215,0.5107637327638483,0.509407012795037
181,0.8346406836047009,0.8394912919068385,0.701494947801924,0.7454412435537447,0.5125670206577567,0.512209400570893
182,0.8347494979470289,0.839616583937257,0.7019468648214158,0.7458266287713536,0.5124928158520702,0.5122461004908592
183,0.8349234589948091,0.8398131156850296,0.7023211017706512,0.7462711947228274,0.5132156587367384,0.5129693093036736
184,0.8351664186236608,0.8401163171865503,0.7038136319102756,0.7484833138143319,0.5143546949126098,0.5146962566123376
185,0.8352023559350141,0.8402075365871005,0.7050122969848004,0.7494850909475858,0.5155559647701504,0.5162971777177502
186,0.8353763387020714,0.840413574718023,0.7058085077886236,0.7494481990955425,0.516615891616352,0.5165848746076865
187,0.8354692400186411,0.840485781579161,0.7062093861068197,0.7497896120433222,0.5159119279897093,0.5158809532461895
188,0.8353692495972342,0.8401371773600649,0.7056397350755091,0.7497510561365952,0.5152238438042569,0.5151928931770658
189,0.8355929663696848,0.840402019420262,0.7047185953857009,0.7487723336795766,0.5152826259452334,0.5150950241190285
190,0.8357283878443599,0.8405818287388481,0.7045350114205785,0.7483766009902807,0.5146243763383568,0.5144370155041345
191,0.8359266063400626,0.840778224781807,0.7036543582933246,0.7474411468491204,0.5144408072161957,0.5145843413515991
192,0.8358329468683308,0.8407867665320414,0.703081915528221,0.7474619243526498,0.5147465612743157,0.5142431354846677
193,0.8360583381045336,0.8410441290744419,0.702240776396175,0.7465676907499905,0.514690356268279,0.5142646583749629
194,0.8361131527119999,0.8410857207834482,0.7014190019008617,0.745694044120651,0.5148341562681034,0.5140869871193263
195,0.836260723245662,0.8411127320709219,0.7014202220568484,0.7451810966665101,0.5142449212286033,0.5134986072065455
196,0.8363421854533541,0.8411996542415519,0.7011378789763368,0.7449635827330247,0.5146747925981988,0.5141569306011414
197,0.8362615983673234,0.8411554002255457,0.7009496865014357,0.7446635570884225,0.5157212112732462,0.5152677870607996
198,0.8362971191040043,0.8412067316580465,0.7012696709504199,0.7449367676061939,0.5168479906582454,0.5162478534872764
199,0.8363616437445129,0.8412598443823358,0.7014843222357243,0.745301393973284,0.5163073697219863,0.5157078614593454
200,0.8361669541687787,0.8409111580196647,0.7030900229732115,0.7452837806434731,0.5160276205911986,0.5159549498461634
201,0.8362217097730205,0.8409545791114497,0.7023874232059463,0.7445390165397068,0.5159205930710761,0.5160300181035999
202,0.8363658536862658,0.8411072006766868,0.703411039974041,0.7450320764616994,0.5156603494192596,0.5162590604442159
203,0.8365087633475773,0.8412272603770198,0.7036940551731102,0.7452753754625461,0.5151682889041617,0.5157664286188441
204,0.836648160209881,0.8413443260938557,0.7039703029567553,0.7455128567355236,0.5146879944635729,0.515285576529064
205,0.8367320848799895,0.8414469518262218,0.7037714799915396,0.7453023008694172,0.5142192285823644,0.514816266384136
206,0.8366715755516887,0.8414115413947618,0.7035902206933748,0.7450840452232041,0.5142066032022383,0.5148030613371819
207,0.8368144862604682,0.8415653385386236,0.7029788729062013,0.7444366435554314,0.5141240183725756,0.5148604460280223
208,0.8368881319453051,0.84167081850807,0.7045923022447566,0.7458377193372695,0.5142006220427304,0.5147592497734801
209,0.836908054597902,0.8416929516271331,0.7048370655532028,0.7460483083001502,0.5146031374551733,0.5151613028520388
210,0.8370583170760583,0.8418603432359963,0.704830720804178,0.7456899046638086,0.5141868439495507,0.5147445578007415
211,0.8371472621619556,0.8419663874758831,0.7050638254506569,0.7458907415023539,0.5137807743699689,0.5143380477830007
212,0.8372238801679152,0.8419795068557123,0.7045203116588074,0.7453157553938831,0.5139155264648813,0.5141816199672067
213,0.8371956546269291,0.8419442679712495,0.7050621563180245,0.7459402151855062,0.5138484024715315,0.5142276043725303
214,0.8372971178790095,0.8420437786120615,0.7050732410186541,0.7455979878489016,0.513471115984414,0.5138500394443989
215,0.8374977090148196,0.8422001324538161,0.705059234782402,0.7452891090803683,0.513594383860792,0.5137071973644924
216,0.8375415156240145,0.8422375627534604,0.7049695007857608,0.7450640405795325,0.5136384876245499,0.513644009251658
217,0.8375302329912891,0.8422646332004196,0.7049698491791663,0.744756800006556,0.5132882212100438,0.5132937390717554
218,0.8376770258447878,0.842402249676456,0.7049565740543231,0.7444709239812743,0.5135753636277189,0.5143192835436188
219,0.837726317794772,0.8424481037307067,0.7053223692318684,0.7451110987754341,0.5138909430264503,0.5146343803102543
220,0.8377660499842755,0.8425019311159723,0.7051940305027581,0.744954451035697,0.5135658081980071,0.5143087751136415
221,0.8378947237289538,0.8426316245136627,0.7047589670304668,0.7444948577093959,0.5142331656761298,0.5148581120583078
222,0.8379590429259312,0.8427107418453541,0.7043350461960552,0.7440470352678807,0.5139238491385424,0.5145484196978114
223,0.8380839870055352,0.8428350384727498,0.7041516255153222,0.7439675246414778,0.513979287806825,0.5144762940216868
224,0.8380861464131527,0.8428494544206274,0.7050528478179219,0.744524962370168,0.5136856864907516,0.5141824681421426
225,0.8380439129513907,0.8427970726104875,0.7049653718415051,0.7443619728382933,0.513399505679339,0.5138960105661056
226,0.8382261410850692,0.842934129907721,0.7047444654424841,0.7443389268887817,0.5136636946604987,0.5141599299809088
227,0.83822997943362,0.8429580448615631,0.7048639966734218,0.7445108542289741,0.5133919444820129,0.5138879172726344
228,0.8382259679993076,0.8429533481281613,0.7051990726503924,0.7449750534093474,0.5131273185104305,0.5136230347732761
229,0.8382673816832706,0.8430156766774517,0.7057777046177327,0.745676829046482,0.5131565066037499,0.5135804152832409
230,0.8383703769430735,0.8430895592233195,0.7059644080759405,0.7462475854264534,0.512905499855375,0.5133292012593812
231,0.8383987739383548,0.8431163915667681,0.7059129975009877,0.7460835564941244,0.5128573098495807,0.5133648948052466
232,0.8384698331221597,0.843188015265431,0.7063367582769656,0.7463780074595561,0.5129066807642284,0.5133033579443864
233,0.8384128662452437,0.8431341247213439,0.7077376962106142,0.7470314447116742,0.5128177144242698,0.5133934625828135
234,0.8384041965988923,0.8430902237297236,0.7083061234731332,0.7475825878378153,0.5129523729725967,0.5136871447225662
235,0.8383747456854563,0.8430688402783704,0.7082238974685799,0.7474695915593137,0.512732714685738,0.5134671717891413
236,0.8383666588147455,0.8430950151310559,0.7083455206203348,0.7475748556433907,0.5125189885847075,0.5132531395390225
237,0.8383831778957037,0.8431258913741763,0.7080581401005708,0.7472715595197854,0.5125341325346898,0.5132275399844238
238,0.8383818980388437,0.8430943800371755,0.7077785792325512,0.7469765161130447,0.5127265984869529,0.5134197321336333
239,0.8384666845735833,0.8431866255548233,0.7078701592205757,0.7470944168184576,0.5125296165551071,0.5132224858234842
240,0.8385241663628232,0.8432522902739924,0.7080708871892466,0.747097426680449,0.5123380296093165,0.5130306398785976
241,0.83859324104708,0.8433256359106447,0.7078133927380499,0.7468257399816253,0.5121517148053104,0.5128440732393342
242,0.8386770417732284,0.843415403322029,0.7075630103821038,0.7465615573733612,0.5121572052673177,0.5128297407515063
243,0.838746924359597,0.8434859959717517,0.7078636501816342,0.7467927843532804,0.5123810454232665,0.5129413591937023
244,0.8388057978680766,0.8435400789513715,0.7081786528021641,0.7469948482906736,0.5124268593342652,0.5128870724947978
245,0.8388750659232082,0.8436101103268524,0.7082735997686008,0.7470771660233492,0.5122601361869547,0.5127201996217468
246,0.8388575145549708,0.8436014320137204,0.7085224903355355,0.747316912218593,0.5122579872589579,0.5127149248061593
247,0.8389173407754061,0.843625381857633,0.7084105661082405,0.747596186236343,0.5126095507420105,0.5126632187581659
248,0.8388641396800076,0.8435726340858768,0.7084977349476208,0.7476716407794219,0.5125901102244524,0.512675104514637
249,0.8388797660922084,0.8436014917250194,0.7085824327982543,0.7477449564007466,0.5124411785850838,0.5125261520642134
250,0.8388992617351839,0.8436311260710644,0.7086994839027058,0.7477814229959904,0.5124203729664438,0.5125400768298731
251,0.8389439477550257,0.8436787841297851,0.7088909205244681,0.7480135055826331,0.5122797722654953,0.5123994432839242
252,0.8389627864356393,0.8437064000285638,0.7093621536899206,0.7482202470597117,0.5122447408198415,0.5124278953927602
253,0.8390059695056387,0.8437401361033103,0.7093337793059763,0.7481301102715627,0.5122674497175375,0.5123988510182128
254,0.8390309456428694,0.8437614299175138,0.7092253528268265,0.7481234472902325,0.5121385909761678,0.5122699495000469
255,0.8390609862368854,0.8437792046279965,0.7094377680687712,0.7482879829346293,0.512116443922888,0.5122861492075238
256,0.8390437150409724,0.8437656968604249,0.7097440235008166,0.7485850190597366,0.512363379115882,0.5125080309552543
257,0.8390611449363766,0.8436834195309764,0.7099711863331596,0.7484826743784259,0.5126711025418919,0.5126554413427682
258,0.8391225976877529,0.843745106646701,0.7099045663731739,0.7484467233145908,0.5128194190170671,0.5127251909876015
259,0.8391083652808445,0.8437535539150742,0.7098938951088402,0.748575042197869,0.5129950771979183,0.5131955928594267
260,0.8391291616915931,0.843782224561391,0.7097442216667952,0.7484172132547456,0.5128869177407174,0.5130873911256462
261,0.8391168089177586,0.8437907198882924,0.709951548849316,0.7485254051201596,0.5129866091851155,0.513187036305907
262,0.8391566196310363,0.8438179395381122,0.7099562446498324,0.7484296574111557,0.5128848367345551,0.5130854043499616
263,0.8391813986467761,0.8438308082371492,0.7098194284650852,0.748285426987027,0.5129787090529114,0.5131792380167868
264,0.8392233542399274,0.843882413326284,0.7098221062459801,0.7483840714918393,0.5128827934946281,0.5130832849640672
265,0.8392578884592068,0.8439197844194175,0.709890196610532,0.7484142592982629,0.5127897610928059,0.5129902161348634
266,0.8392848457331704,0.8439465267984194,0.710117200058986,0.7486344841802293,0.5127641787733083,0.5130112623611781
267,0.8393107905925903,0.8439709796081057,0.7102408406778736,0.7487738767896064,0.5127731631296313,0.5129978791046776
268,0.8393354612771982,0.8439951557880261,0.7101232899522167,0.7486499485281936,0.512688294963201,0.5129129737467443
269,0.8393510205354257,0.8440171181923397,0.7102358118958616,0.7487847796698152,0.5126060188318472,0.5128306603200199
270,0.8393777256031784,0.8440053216681198,0.7101746433557051,0.7487745210282073,0.512632511817875,0.5128002105823515
271,0.8393772982482092,0.8440073615327901,0.7101531288574644,0.7487268004910917,0.5128772726014529,0.5130041800025745
272,0.8393974798509903,0.844030260696354,0.7101215426141674,0.7486912840627785,0.5128762461535428,0.5130014245631833
273,0.8394201108929491,0.8440546644372454,0.7101626278252774,0.7487269026863258,0.512803555146906,0.5129287157815098
274,0.839436307182448,0.8440747208716975,0.7101373602370903,0.7486891390163783,0.5128632754884578,0.5130028170216535
275,0.839449188608247,0.8440929121568826,0.7100975790397878,0.748667850769142,0.5127950451882963,0.512934561684025
276,0.8394551914866807,0.8441027224977865,0.7101349646410718,0.7487002623767784,0.5127289155194361,0.5128684140232209
277,0.8394707925910545,0.8441212919333583,0.7100462449813953,0.7486067246187673,0.5126648593004064,0.5128043405913069
278,0.8394708223507761,0.8441273767678387,0.7101559883898049,0.7486835140192845,0.5127238362828657,0.5128633006938244
279,0.8394781248960371,0.844142715552833,0.7104243904885539,0.7489474001472135,0.5127083031752048,0.5128758490792552
280,0.8394862610130214,0.8441483741844605,0.7106059820027668,0.7489406935828044,0.5126769971011315,0.5129053548157139
281,0.8394854725902335,0.8441494837592447,0.7106351902856768,0.7489708921782526,0.5126206537727787,0.5128489881927017
282,0.8394851953233672,0.8441518927345322,0.710772413523071,0.7491040354616401,0.5125661094205938,0.5127944195904048
283,0.8394815074316162,0.84414525338774,0.7106991808184613,0.7490268533517169,0.5125132984198274,0.5127415850662553
284,0.8394966771737693,0.8441602715251515,0.7106282994108178,0.7489521493430994,0.5124988301013489,0.5127535347389538
285,0.8395259063903228,0.8441801894500208,0.7105936122186122,0.7489424726664544,0.5124832685918185,0.5127666586066144
286,0.8395229290633188,0.8441803499006013,0.7105789770406314,0.7489141781131036,0.5124871408262618,0.5127604275311903
287,0.8395281093400414,0.8441851902511686,0.7107071511275491,0.749015660625675,0.5124920992844629,0.5127537185791483
288,0.839515293028156,0.8441654402163737,0.7106449900439616,0.7489501489377532,0.5126557174187333,0.5127628264918429
289,0.839521926283238,0.8441572986514234,0.7105848589320992,0.7488867766410143,0.512696953977046,0.5128040539871385
290,0.8395226734907019,0.8441598742091985,0.7106514377708795,0.7489462888305637,0.5128186887782686,0.51292578002231
291,0.8395366909553753,0.8441757428692294,0.7106504459972364,0.7489108966738106,0.5127780916269158,0.5128851743919756
292,0.8395280484952149,0.8441704160239979,0.7106294046767605,0.7488967542725612,0.5129017805118306,0.5129891988663834
293,0.8395348613820841,0.8441765795868249,0.7107272024685192,0.7489129994327277,0.5128638098443302,0.5129512217251591
294,0.839539398002612,0.8441821892804412,0.710785397850192,0.7489650598431494,0.5128271001444464,0.5129145057843412
295,0.8395443676539498,0.8441886517893349,0.7108396082343359,0.7490174316680009,0.512895020437688,0.5129832268459416
296,0.8395445845183496,0.8441913605660001,0.7108544750385921,0.7490386947011566,0.5128607132604543,0.5129489137793594
297,0.8395476169150082,0.8441974803695377,0.7108880838886612,0.7491046541422861,0.5128656850871726,0.512942273489798
298,0.8395564082106974,0.8442051772569101,0.7108796745197423,0.7490843237366607,0.5129130600429087,0.513018243599076
299,0.8395666011559784,0.8442163972671332,0.7108665905484001,0.7490696382345751,0.5130021351551521,0.5131087223692734
300,0.8395701499303461,0.844221715102397,0.7108834561852921,0.7490842754235971,0.5130305425577117,0.513137123554422
301,0.8395861837740354,0.8442365617929914,0.7108433960164602,0.7490420625372488,0.5130579845786385,0.5131645595692268
302,0.8395907656319391,0.8442408466930273,0.7108198231921826,0.7490406017693274,0.5130693695662135,0.513151747340152
303,0.8396011641521787,0.8442522856182625,0.7108350269297368,0.7490537960375846,0.5130423947848611,0.5131247682277629
304,0.8396064571252884,0.84425881021925,0.7107989351556732,0.7490157637525341,0.5130671194633709,0.5131494887238625
305,0.8396173644548706,0.8442712490057552,0.710805684119366,0.7490354991161249,0.5130419646950308,0.5131243299169572
306,0.8396162292561046,0.8442704818785209,0.7107720366000455,0.7490000419061007,0.5130176787476827,0.5131000400706738
307,0.8396245914574397,0.8442787924104667,0.7108024449853682,0.7490400204991841,0.5129942343215188,0.513076591883429
308,0.8396193030460073,0.844277783024801,0.7108685611975459,0.7490859569909795,0.5129716052444766,0.5130539591407091
309,0.8396206299179164,0.8442803096652484,0.7108786437591343,0.749098867425648,0.512992340988772,0.5130746913787022
310,0.8396234143970324,0.8442846112423139,0.7108905232580333,0.7491091765213402,0.5129987207407521,0.513067240577229
311,0.839627188575317,0.8442900644134435,0.7108939540796619,0.7491271555601811,0.5129783814353488,0.5130468985551608
312,0.8396287900062878,0.8442889282263182,0.7108848806804745,0.7491568850279411,0.5130262047963444,0.5130745865852703
313,0.839636301596827,0.8442971049295674,0.710858646326936,0.7491292382920043,0.5130245440857113,0.5130752845135285
314,0.8396443075233876,0.8443028378663653,0.7108464948020334,0.7491250153625775,0.5130194349755771,0.5130794645329937
315,0.8396386670226555,0.8442990780821973,0.7108220889055058,0.749099295227858,0.5130145474931543,0.5130834559480224
316,0.8396426145285716,0.8443028430098172,0.7107985531856071,0.7490744921280895,0.5130347379101755,0.5130955119750107
317,0.839642225812634,0.8443035414879002,0.7107758592473774,0.7490505761392658,0.5130338501330732,0.5130955654815982
318,0.8396403118064072,0.8443026397238458,0.7108004312180543,0.7490734151431372,0.5130180575098472,0.5130797709717764
319,0.8396332972018887,0.8443017970291047,0.710804593274142,0.7491149577503328,0.5130112517977754,0.5130858022072494
320,0.8396323059774491,0.8443019153909783,0.7107962772283274,0.7491101176042576,0.5130085937135528,0.5130877137742839
321,0.8396338753809635,0.8443042703297564,0.7107766803595451,0.7490894644112844,0.51300198348066,0.5130937992135577
322,0.8396338770120633,0.8443042667380855,0.7107653761100602,0.749088550234093,0.5130263308133052,0.5130953280568932
323,0.839634472869081,0.8443054780974815,0.7107600223006955,0.7490821308265345,0.5130131962729834,0.5130821917500984
324,0.8396381724522973,0.8443075471376665,0.7107595090198626,0.7490959681623978,0.5130090513030583,0.5130856930306832
325,0.8396404507645784,0.8443098409654954,0.7107788608685661,0.7491132151065663,0.513008145212698,0.5130859790258974
326,0.8396402784206644,0.8443102286653505,0.7108071664067912,0.7491430523870433,0.5130180882026542,0.5130983295741184
327,0.83964295735184,0.844311332366439,0.7107988411824071,0.7491412375068818,0.5130067781627272,0.5130870177663492
328,0.8396458654244081,0.844314504908826,0.7108209450770859,0.7491518304662129,0.513001153579376,0.513092088366196
329,0.8396466581426991,0.8443156010517201,0.7108530640942624,0.7491716383634679,0.5130037704013573,0.5130889394104423
330,0.8396426550880283,0.8443134237685596,0.7108718081580311,0.7491832054724155,0.5130264093944589,0.5131051537162733
331,0.8396437621237455,0.8443153758556843,0.7108730183387817,0.7491922263926974,0.5130166883581533,0.5130954311878196
332,0.8396438622552846,0.8443158807862563,0.7108878434515871,0.7492054884566115,0.5130255708255427,0.5131043123185182
333,0.8396461790660633,0.8443185303088429,0.7108753641930504,0.7491923365521673,0.5130165649341358,0.5130953050448854
334,0.8396442705423875,0.8443173525304544,0.7108707159326401,0.7491892126767072,0.5130438569255785,0.5131182523274732
335,0.8396429007352078,0.844315768673577,0.7108851297672594,0.7491998312377574,0.5130355171749044,0.5131099113674549
336,0.839641635539711,0.8443162557896136,0.7108740117592476,0.7491881140005029,0.5130275084505821,0.5131018906470232
337,0.8396405263866057,0.8443153847304218,0.710863316331823,0.7491768421197362,0.5130281065576358,0.5131008995452561
338,0.839639413125708,0.844315465668449,0.7108564579091563,0.7491770427814686,0.5130317251260332,0.5130969033290513
339,0.8396384728280207,0.8443147120052905,0.7108465634902553,0.7491666149779228,0.5130245842318787,0.5130897615277602
340,0.839640259958526,0.84431581721911,0.7108481228528946,0.7491722835870135,0.5130255654363317,0.5130884307708108
341,0.8396424991932472,0.8443176613140755,0.7108492007011391,0.7491781557339953,0.5130189624285671,0.513081826936172
342,0.839645076486175,0.8443188774351548,0.7108404042503873,0.749168884979038,0.5130226660185071,0.5130778003602783
343,0.8396468309972013,0.8443209756866995,0.7108454086429492,0.7491703043283183,0.5130165631025527,0.5130716967884446
344,0.8396450199341862,0.8443194623476649,0.7108487150218958,0.7491731724758413,0.5130164348054792,0.5130715297691348
345,0.8396472407999226,0.8443212588639787,0.7108442269703491,0.7491726049505314,0.5130294524796888,0.5130802051268499
346,0.839646223430729,0.8443213070339768,0.7108472807852703,0.7491752539740443,0.5130240343044951,0.5130747864170456
347,0.8396449660863818,0.8443208436750578,0.7108400671412742,0.7491676513796208,0.5130355832892579,0.5130829472885129
348,0.8396469449303082,0.8443223763173411,0.710843714578554,0.7491887683116971,0.513033284196212,0.5130849917315967
349,0.8396479774994998,0.8443223057081001,0.71085578898636,0.7492004835746723,0.5130284790588043,0.5130801861098895
350,0.8396490009777801,0.844322475932608,0.7108560415425874,0.7492050886332446,0.5130328608834667,0.5130845671814133
351,0.8396503750698228,0.8443238171341478,0.7108585398846599,0.7492072556212114,0.5130334870941273,0.5130837153036844
352,0.8396517341319548,0.8443252303320761,0.7108663587926427,0.7492122143944117,0.5130292302211074,0.5130794579934261
353,0.8396500936026701,0.844324556813355,0.7108760641284231,0.749214778066277,0.5130302837363891,0.513078236207195
354,0.839651320280615,0.8443255019481197,0.7108815978732433,0.7492210235230079,0.51303833583578,0.5130852829641241
355,0.8396511989566406,0.8443256227903693,0.7108806266021764,0.74921861621404,0.5130345685723692,0.5130815153704867
356,0.83965158611919,0.8443261612560191,0.7108756160705855,0.7492133354630888,0.5130415248835798,0.5130884716732756
357,0.8396524338998311,0.8443269588518166,0.7108730085426181,0.7492128306626564,0.5130380543534597,0.5130850008255782
358,0.8396524755049173,0.8443272418998522,0.7108744490603259,0.7492148950291295,0.5130347239370875,0.5130816701044507
359,0.8396533447384515,0.8443281997250713,0.7108760150205573,0.7492166920547747,0.5130315283555373,0.513078474230483
360,0.8396544519808995,0.8443286232925885,0.710880356697398,0.7492155768311541,0.5130284647992932,0.5130754090044913
361,0.8396553196567526,0.8443294967290309,0.7108798369089665,0.7492134590347062,0.5130312564537849,0.5130782003898382
362,0.839656029293644,0.8443302885433355,0.7108822166300501,0.7492140480898934,0.513028435459558,0.5130753791373375
363,0.8396560297956466,0.8443305525991796,0.7108869950893492,0.749217390487268,0.5130310035593472,0.5130779469895634
364,0.8396558350241529,0.8443304890382557,0.7108858622204606,0.749216196535099,0.5130284090800014,0.5130753522728215
365,0.8396559503071591,0.8443307156469373,0.7108870097216927,0.7492176670084932,0.5130259214156522,0.513072864385744
366,0.8396558908460054,0.8443305901704443,0.7108883537775535,0.7492188328691629,0.5130253378521918,0.5130733266186965
367,0.8396565476013125,0.8443313756396424,0.7108896422052376,0.7492199504768505,0.5130302098559274,0.5130772537034421
368,0.8396574251328887,0.844332060084361,0.7108902036318908,0.7492259668069942,0.5130310906357165,0.5130762614042638
369,0.8396579170112217,0.8443326040882814,0.7108872933648033,0.7492228995996235,0.5130330842060087,0.5130782547896342
370,0.8396584050875119,0.844333185031163,0.7108899254964102,0.7492263084989352,0.513031073924963,0.5130762454066963
371,0.8396583932413904,0.8443332341300527,0.7108893874393426,0.7492251170230708,0.5130371726171977,0.5130813252971388
372,0.8396592872771088,0.8443341922405376,0.7108904285908707,0.7492260201191222,0.5130371253113063,0.5130812785463217
373,0.8396594458111978,0.8443343481399989,0.710890521647043,0.7492243397774476,0.5130353558895545,0.513079508772489
374,0.8396594251332103,0.8443342020670729,0.7108914769381902,0.7492251684039233,0.5130350384332346,0.5130797399434839
375,0.8396589171445648,0.8443340987868142,0.7108923918288482,0.7492259619867213,0.5130347164453634,0.5130799792905305
376,0.8396584983659755,0.8443331869385151,0.7108902375804693,0.7492236915744444,0.513033220577911,0.5130784447541553
377,0.8396586514295556,0.844333471621854,0.7108910764356766,0.7492244192047064,0.5130317320530291,0.5130769561366721
378,0.8396587953162248,0.8443336096756922,0.710892157655416,0.7492276155188511,0.5130303069396492,0.5130755308976676
379,0.839659045553546,0.8443339581789984,0.710892014098938,0.7492265355696661,0.5130298550633303,0.5130759133558866
380,0.8396591290817539,0.8443339583670509,0.7108909737156706,0.7492264048816946,0.5130310952422632,0.5130771531400349
381,0.8396596123502285,0.8443343641915535,0.7108957577877466,0.7492302432385255,0.5130306373624043,0.5130775474858893
382,0.839660014955229,0.844334905262128,0.7108959843408239,0.7492312750574756,0.5130308306443555,0.5130772933493566
383,0.8396600533220941,0.844335069299249,0.7108968218513599,0.749231641563929,0.513029686489836,0.5130761490912166
384,0.8396605552755749,0.8443356036018996,0.7108972078998977,0.7492324073891912,0.5130297740816461,0.5130760057998077
385,0.8396608638656714,0.8443358941919533,0.710896643936498,0.7492320322423329,0.5130287273657714,0.5130749591740275
386,0.8396611393329702,0.8443362107363057,0.710896292843012,0.749231485108427,0.5130286413295773,0.513074994252642
387,0.8396610790244747,0.8443361924836518,0.7108959931934979,0.7492309257351119,0.5130277811326339,0.5130741889875435
388,0.8396610755532421,0.8443359450461707,0.7108947240806724,0.7492295881856162,0.5130268652636282,0.5130732730344508
389,0.8396611993277018,0.84433608025574,0.7108935106470646,0.7492283093178297,0.5130276964834102,0.513074104175019
390,0.8396615550627413,0.8443364673176205,0.71089389678904,0.7492288041673294,0.5130268593299625,0.5130732669537655
391,0.8396614314967301,0.8443364007386946,0.7108943477583922,0.749229195339022,0.5130267696700184,0.5130733159008055
392,0.8396616268103821,0.8443366426832386,0.710894114002282,0.7492287430910679,0.5130260047918589,0.5130725509532496
393,0.8396616754227375,0.8443366808230589,0.7108938914861249,0.7492283100099681,0.5130273330917061,0.5130740351311923
394,0.8396617806444151,0.844336841731056,0.7108952581365886,0.7492304014459245,0.5130271215647395,0.5130742125342828
395,0.839662003906265,0.8443370920147866,0.7108956626071993,0.7492306992774918,0.5130270904271643,0.5130742097208089
396,0.8396619378671041,0.8443370549496307,0.7108947791325295,0.7492297681614652,0.5130275617178749,0.5130749499352535
397,0.8396617481750629,0.8443368958380514,0.7108939352168309,0.7492288787376268,0.5130275550403475,0.5130749257086894
398,0.8396618079830783,0.8443370070777296,0.7108942630138755,0.7492291630693736,0.5130269733727301,0.513074344002452
399,0.8396620615942179,0.8443371930492327,0.7108942683737599,0.7492286594852561,0.513027192984465,0.513074096128137
400,0.8396622994855577,0.8443373448337944,0.7108955882255263,0.7492289317974892,0.5130270115310156,0.5130742505940213
401,0.8396623966734446,0.8443374507373174,0.7108952470678722,0.7492288187239695,0.5130268657631027,0.5130743707700561
402,0.8396625201303229,0.8443376036744884,0.7108950993278345,0.7492285328284566,0.5130268024718337,0.5130744094627243
403,0.8396626474367744,0.8443377491970976,0.7108944598104174,0.7492278588264885,0.5130263409556749,0.5130739479037385
404,0.8396628212913467,0.8443379146007798,0.7108943865124021,0.749227537062167,0.5130259004910798,0.5130735074167307
405,0.8396629113124177,0.8443380160916806,0.7108949373594835,0.7492274285813837,0.5130254801269674,0.5130730870136101
406,0.8396628273737128,0.84433796192933,0.7108947563717158,0.7492272498179688,0.513025079013017,0.5130726858624495
407,0.8396629411498899,0.8443380747834028,0.7108949720348569,0.7492274368863122,0.513024696313083,0.5130723031269737
408,0.8396630989297538,0.8443382410531997,0.7108944661344936,0.749226903707084,0.5130243312450834,0.5130719380335301
409,0.83966311455627,0.8443382452891856,0.7108947840365897,0.7492269522795124,0.5130242620706991,0.5130719910813701
410,0.8396631345933165,0.8443382572961833,0.7108954456601327,0.7492272875997109,0.513024591813961,0.5130723171464047
411,0.8396631629649838,0.84433828519622,0.7108954623119544,0.749226986866317,0.5130242751469418,0.5130720004141691
412,0.8396632934942039,0.8443384227495774,0.7108950437991829,0.7492265457873124,0.5130248913625738,0.5130725462595809
413,0.8396633442877424,0.844338463240803,0.7108966814345524,0.7492280176142306,0.5130248119053346,0.5130726110690672
414,0.8396633260842374,0.8443384811512034,0.7108968361268551,0.7492281517963479,0.5130247781255566,0.5130726308847354
415,0.8396634084676007,0.8443385690598434,0.7108966809572999,0.7492280722889264,0.5130248190886487,0.5130725766112142
416,0.8396633612883354,0.8443385736095445,0.7108971602160014,0.7492283415576328,0.5130250120350691,0.5130733437330829
417,0.8396633691126946,0.8443385910189574,0.7108968309060076,0.7492279944914265,0.5130247743858893,0.5130731060878669
418,0.8396633702484343,0.844338589875258,0.7108980929818586,0.7492291776613907,0.5130245479418553,0.5130728796224998
419,0.8396633865498995,0.844338612414701,0.7108987536641189,0.7492295850679249,0.5130246017688689,0.5130728148475547
420,0.8396634553590722,0.8443386734506829,0.7108992700849222,0.7492300861331936,0.5130245657338933,0.5130728404869579
421,0.8396634476265848,0.8443386465685561,0.7108989988194634,0.7492298002414344,0.5130243699738978,0.5130726447084254
422,0.8396635140779989,0.844338712603678,0.7108992405957996,0.7492301180796228,0.5130244102365755,0.5130725949616634
423,0.8396635522277613,0.8443387578825711,0.7108994904176434,0.7492304011696446,0.5130245322355881,0.5130728100124923
424,0.8396635720752864,0.8443387813783005,0.7108995293589551,0.7492305401281144,0.5130243631820497,0.5130726409430453
425,0.8396635949651092,0.8443388123344732,0.7108993063318001,0.7492303050755523,0.5130245159586184,0.5130727937044681
426,0.8396635832264276,0.8443388083449478,0.7108992394199449,0.7492302345700848,0.5130246535395511,0.513072946978802
427,0.8396635690401363,0.844338800240923,0.710899590759742,0.7492306052233945,0.5130247919691462,0.5130730853947352
428,0.8396635826225768,0.8443387869486798,0.7109002614512713,0.7492311627441235,0.5130247627452402,0.5130731075581451
429,0.8396636327636992,0.8443388408239941,0.7109003065050574,0.7492312566776033,0.5130246306689674,0.5130729754695366
430,0.8396636487610579,0.8443388668845189,0.7109001323640842,0.7492310731471433,0.5130248939567288,0.5130731957308011
431,0.8396636971726812,0.8443389151941614,0.7108999666900195,0.7492308985401182,0.5130247743971514,0.5130730761599672
432,0.8396637265004095,0.8443389505026303,0.7108999153823866,0.7492308478409045,0.5130248732491098,0.513073193213297
433,0.8396637581805391,0.8443389540415585,0.7108999189295103,0.7492307472696865,0.5130251293826723,0.5130733533008661
434,0.8396638031367184,0.844338982587075,0.7109002747820399,0.7492309007578992,0.5130252271212016,0.5130734509794758
435,0.8396637947308534,0.8443389870036278,0.7109002209060236,0.7492308668882338,0.5130251292887775,0.5130733531378555
436,0.8396638094782612,0.8443389474111604,0.7109000920074467,0.7492307310396441,0.5130251221876456,0.5130737206829925
437,0.839663829081674,0.8443389506688531,0.710900096844045,0.7492308192649014,0.5130252061465147,0.513073804627968
438,0.8396638655440463,0.8443389888297865,0.7109003781084317,0.7492311180464573,0.5130253097406907,0.5130738606180331
439,0.839663886608592,0.844339013432388,0.7109005788799019,0.7492313128480871,0.5130253088604874,0.5130738574334079
440,0.8396639061533333,0.8443390373531393,0.710900712608835,0.749231407041901,0.5130252900017478,0.5130738724290987
441,0.8396639305280532,0.8443390597973479,0.7109011259806668,0.7492317728548767,0.5130253092542968,0.5130738495068714
442,0.8396639278752575,0.8443390569967182,0.7109011137447735,0.7492317236000519,0.5130252915653685,0.513073863708001
443,0.8396639617651318,0.844339058231918,0.7109010650757224,0.7492317138515987,0.5130252680182186,0.5130738839416566
444,0.8396639905798663,0.8443390833920951,0.7109009793421931,0.7492316234954547,0.5130253267465933,0.5130739426641684
445,0.8396639962463647,0.8443390893349452,0.7109009427497307,0.7492316073825822,0.5130252680137005,0.5130738839170229
446,0.8396640027116513,0.8443390971735496,0.7109010206812608,0.7492316969581457,0.5130252586899837,0.5130738904016685
447,0.8396640146868753,0.8443390958157776,0.7109009824776673,0.7492316876326462,0.5130252737632661,0.5130738726324925
448,0.8396640255422128,0.8443391087432096,0.7109009127571948,0.7492316141529514,0.513025223449147,0.5130738223136065
449,0.839664036368256,0.8443391218023194,0.710900966359572,0.7492316108150785,0.5130252954747936,0.5130738409632681
450,0.8396640391034729,0.8443391234413632,0.7109010566766298,0.749231656588844,0.5130253404876215,0.5130738854739146
451,0.839664029523444,0.84433911772418,0.7109010809266167,0.7492316776236115,0.5130252974688894,0.5130738424706784
452,0.839664028550536,0.8443391194623255,0.710901103939932,0.7492316975856732,0.5130253338911629,0.5130738836088814
453,0.8396640417061274,0.8443391265985049,0.7109011257770379,0.7492317165274749,0.5130253551758054,0.5130738603539317
454,0.8396640431225154,0.8443391280946902,0.7109011734521763,0.7492317792083578,0.5130253453663247,0.5130738682936173
455,0.8396640532032236,0.8443391379685499,0.7109011251202236,0.7492317282704269,0.5130253104873436,0.5130738334113376
456,0.839664056796921,0.8443391424942488,0.7109011213972748,0.7492317023198688,0.5130252774146584,0.5130738003319795
457,0.8396640591678703,0.844339145772476,0.7109012174900992,0.7492317615749304,0.5130252852435097,0.5130737909107048
458,0.8396640609157108,0.8443391492983486,0.7109012342587256,0.7492317761202664,0.5130252813232017,0.5130737933205207
459,0.8396640634810639,0.8443391541218859,0.7109012191170023,0.7492317659550471,0.5130253010217636,0.51307382718572
460,0.8396640680505937,0.8443391569572135,0.7109012661677473,0.7492317992000831,0.5130252742720033,0.5130738004330004
461,0.8396640772872427,0.8443391672165328,0.7109012550947453,0.7492317875276455,0.5130252742757996,0.5130737991390669
462,0.8396640881938189,0.8443391762820194,0.7109012646750423,0.7492318500985591,0.513025264534392,0.5130738076575898
463,0.8396640844771596,0.8443391732908453,0.7109012978408605,0.7492318409069775,0.513025242015528,0.5130737849847543
464,0.8396640938761113,0.8443391826842815,0.7109012679241928,0.7492318093772559,0.513025248393421,0.5130737775085431
465,0.8396640977203612,0.8443391861078209,0.7109013073627465,0.7492318313404939,0.5130252678114156,0.5130737969246014
466,0.8396641031005514,0.8443391892052506,0.7109012923249732,0.7492318289953191,0.5130252484311625,0.5130737775436655
467,0.8396641028020039,0.844339188786808,0.7109012914643446,0.7492318491763778,0.5130252423656175,0.5130737826814792
468,0.8396641060588017,0.8443391920569274,0.7109013067218258,0.7492318522190637,0.5130252391952228,0.5130737849671807
469,0.8396641075775282,0.8443391938983744,0.7109013160029571,0.7492318602696436,0.5130252227252282,0.5130737684956277
470,0.8396641150920727,0.8443392009019548,0.7109013125670878,0.7492318801180574,0.5130252071286978,0.5130737528976215
471,0.8396641163558224,0.8443392016949302,0.710901311582,0.7492318966434124,0.5130252308856845,0.5130737859601119
472,0.8396641164567236,0.8443392023692508,0.710901354429309,0.7492319230132127,0.5130252169136439,0.5130737719895075
473,0.8396641197410033,0.8443392059602013,0.7109013618873937,0.7492319294824563,0.5130252036787684,0.5130737587533786
474,0.8396641259252782,0.8443392108936364,0.7109013520594726,0.7492319280748954,0.5130252062133517,0.5130737799993995
475,0.8396641273554268,0.8443392139058766,0.7109013356311862,0.7492319107608241,0.5130252086818705,0.5130737769280349
476,0.839664128816273,0.844339216214127,0.7109013335925353,0.7492319246051937,0.5130251974631429,0.5130737657082352
477,0.8396641309490162,0.8443392182666936,0.7109013456535578,0.7492319444052113,0.5130251957724077,0.5130737668609308
478,0.839664129432076,0.8443392173976394,0.7109013421398916,0.7492319389118918,0.5130252144775633,0.5130737867944991
479,0.8396641233259221,0.8443392120232659,0.7109013564577736,0.749231953107212,0.51302521395098,0.5130737868578139
480,0.8396641243326826,0.8443392127821504,0.7109013578305695,0.7492319436757789,0.5130252086564023,0.5130737916953032
481,0.8396641273612625,0.8443392157916944,0.7109013522862964,0.7492319415988288,0.513025200159208,0.5130737831972786
482,0.8396641278627113,0.8443392149844952,0.7109013625936611,0.7492319554091282,0.5130252036830185,0.5130737949268784
483,0.839664125750665,0.8443392130713264,0.7109013538421238,0.7492319573467788,0.5130251962132621,0.5130737873490558
484,0.8396641273002136,0.8443392149166815,0.7109013578894144,0.749231960857453,0.5130251967891968,0.5130737864078411
485,0.8396641253039488,0.8443392148961196,0.7109013705789963,0.7492319685456362,0.5130251943697524,0.5130737884819057
486,0.8396641275910113,0.8443392171688053,0.710901378899886,0.7492319794848951,0.5130251879530019,0.5130737820645481
487,0.8396641253715713,0.8443392169876293,0.7109013823171112,0.749231982449042,0.5130251818889031,0.513073775999875
488,0.8396641254759837,0.8443392173316013,0.7109013743768284,0.7492319740806326,0.5130251873280791,0.5130737814385082
489,0.8396641276080897,0.8443392190561453,0.7109013700661968,0.7492319735355031,0.5130251956588555,0.5130737939387596
490,0.8396641287615009,0.844339220522721,0.7109013729483337,0.7492319760355072,0.5130251959207173,0.5130737934167896
491,0.8396641295924071,0.8443392216044469,0.7109013690434626,0.7492319756073134,0.5130251910895713,0.513073788585186
492,0.8396641301733194,0.8443392225507634,0.7109013716147365,0.7492319778376708,0.5130251865266782,0.5130737840218605
493,0.8396641312167158,0.8443392235496379,0.71090136564369,0.7492319715446755,0.5130251850483979,0.5130737852809287
494,0.8396641321115232,0.844339224741328,0.7109013709853834,0.7492319784156609,0.5130251858617412,0.5130737842605947
495,0.8396641327730698,0.8443392252890023,0.7109013834538214,0.7492319849655964,0.5130251820249065,0.5130737804214337
496,0.8396641344195162,0.8443392268652443,0.7109013784286096,0.7492319796694337,0.5130251854672288,0.5130737838634124
497,0.8396641338976787,0.8443392264598251,0.7109013839592461,0.7492319844132472,0.5130251820441715,0.5130737804400309
498,0.8396641338094003,0.8443392266699069,0.7109013794824923,0.7492319796951146,0.5130251814752342,0.5130737808446325
499,0.8396641339808051,0.8443392269188147,0.7109013777446247,0.749231978698571,0.5130251784265055,0.513073777795615
500,0.8396641353920871,0.8443392280689722,0.7109013793656891,0.749231980104704,0.5130251755498176,0.5130737749186545
501,0.8396641359751226,0.8443392280289563,0.7109013861853444,0.7492319867215809,0.5130251728357856,0.5130737722043655
502,0.8396641369185448,0.8443392285573033,0.7109013891281867,0.7492319864729561,0.5130251767661942,0.5130737731343293
503,0.8396641369810808,0.8443392285422784,0.710901388385813,0.7492319850493835,0.5130251769552672,0.513073772822405
504,0.8396641376913779,0.8443392293072682,0.710901389669253,0.7492319861626566,0.5130251772552177,0.5130737724066249
505,0.8396641380715305,0.8443392295219521,0.710901390879542,0.7492319872124775,0.5130251751076578,0.5130737702588102
506,0.8396641385677892,0.8443392300715902,0.7109013903813135,0.7492319858944037,0.5130251747219723,0.5130737705414745
507,0.8396641385326663,0.8443392300320796,0.7109013927797176,0.7492319892265543,0.5130251728127951,0.5130737686321103
508,0.839664138919379,0.8443392304910584,0.7109013953120947,0.7492319920961661,0.5130251740494658,0.5130737708120282
509,0.8396641393873004,0.8443392310259341,0.710901392961462,0.7492319896187912,0.5130251756596738,0.5130737724220755
510,0.8396641396467361,0.8443392307102169,0.7109013947336824,0.7492319926451334,0.5130251740609951,0.5130737708232339
511,0.8396641400082683,0.844339231062532,0.7109013974946305,0.749231994405988,0.513025175490997,0.5130737722530919
512,0.8396641403236106,0.8443392314742814,0.7109013995331203,0.7492319966279914,0.5130251768383716,0.51307377360033
513,0.839664140649294,0.8443392317556694,0.7109014024390522,0.7492320003424521,0.5130251765773101,0.5130737737933623
514,0.8396641407678757,0.8443392318857865,0.7109014006935273,0.7492319985028114,0.5130251763101084,0.513073773997444
515,0.8396641409020794,0.8443392320101909,0.7109014000108268,0.7492319981213883,0.5130251774363066,0.5130737751235299
516,0.839664141060984,0.8443392322250939,0.7109013984625197,0.7492319964895992,0.513025178496913,0.5130737761840305
517,0.8396641414462906,0.844339232634301,0.7109013970045641,0.749231994953033,0.5130251774447737,0.5130737751317918
518,0.8396641416585675,0.8443392328875056,0.7109013975627976,0.7492319954372523,0.513025176454151,0.5130737741410752
519,0.8396641416297211,0.8443392329447963,0.7109013962705018,0.7492319940752781,0.5130251770590765,0.5130737753078618
520,0.8396641416742711,0.8443392327330029,0.7109013965584143,0.7492319930000174,0.5130251765947691,0.5130737774386406
521,0.8396641419533704,0.8443392329899974,0.7109014012916806,0.7492319971887162,0.5130251768152185,0.5130737771761722
522,0.8396641418368047,0.8443392328446198,0.710901401045889,0.7492319967371256,0.5130251760376731,0.513073776398553
523,0.8396641419170907,0.8443392329432665,0.7109014004932559,0.7492319966335459,0.5130251762710222,0.5130737761281035
524,0.8396641415527757,0.8443392325874527,0.7109014031017257,0.7492319987748077,0.5130251761842491,0.5130737761798575
525,0.8396641418140547,0.8443392328252262,0.7109014055830623,0.7492320020239953,0.5130251759637499,0.513073776367415
526,0.8396641420236796,0.8443392330626299,0.7109014055679083,0.7492320014928234,0.5130251753546244,0.5130737757582319
527,0.8396641420108717,0.8443392331544265,0.7109014055004381,0.7492320021631571,0.5130251747817366,0.5130737751852887
528,0.8396641422566381,0.8443392334186117,0.710901405294661,0.7492320018857326,0.5130251747523609,0.513073775187257
529,0.8396641420751702,0.8443392332500825,0.710901406619679,0.7492320030686451,0.5130251757008618,0.5130737761878386
530,0.8396641420967271,0.8443392332939529,0.7109014064254362,0.7492320028357227,0.5130251752245945,0.513073775711526
531,0.8396641421736354,0.844339233375372,0.7109014062049158,0.7492320026546824,0.5130251757225112,0.5130737760635375
532,0.8396641422399488,0.8443392334915399,0.710901406442062,0.7492320028603862,0.513025175301679,0.5130737756426655
533,0.839664142199881,0.8443392334847611,0.7109014067262555,0.7492320037633382,0.5130251751835858,0.5130737757406381
534,0.8396641423318716,0.8443392336317651,0.7109014062112303,0.7492320032205438,0.5130251750785021,0.5130737758268195
535,0.8396641423808847,0.8443392336007935,0.7109014064080239,0.7492320033912452,0.5130251752327093,0.5130737756548925
536,0.8396641424369274,0.8443392336355673,0.7109014069850763,0.7492320037989778,0.5130251749046377,0.5130737753267847
537,0.8396641424731109,0.8443392336784021,0.7109014070560697,0.7492320040523134,0.5130251745964338,0.5130737750185516
538,0.8396641425229634,0.8443392337196735,0.7109014079956585,0.7492320045458992,0.5130251743073,0.5130737747292424
539,0.8396641424800706,0.8443392336979486,0.7109014078534651,0.7492320044442508,0.5130251740354449,0.5130737744573604
540,0.8396641425525624,0.8443392337971615,0.7109014076646488,0.7492320044040899,0.5130251739450982,0.5130737745347194
541,0.8396641425824857,0.8443392338474736,0.7109014075191792,0.7492320043345667,0.5130251742664883,0.5130737746683748
542,0.8396641426717165,0.8443392339445992,0.7109014072073415,0.7492320040059153,0.5130251742467508,0.513073774676669
543,0.8396641427074107,0.8443392339928838,0.7109014071336409,0.7492320038901505,0.5130251740381172,0.5130737744688378
544,0.8396641427556992,0.8443392340346046,0.7109014075644976,0.7492320044408861,0.5130251739994102,0.5130737744974584
545,0.8396641427031019,0.8443392339895659,0.710901407684948,0.7492320045162428,0.5130251740029613,0.5130737744854472
546,0.8396641427653339,0.8443392340514065,0.7109014079113629,0.7492320048139045,0.5130251738283589,0.5130737743108282
547,0.8396641427961533,0.8443392340788555,0.7109014079078695,0.7492320046704672,0.5130251736645408,0.513073774146994
548,0.8396641428456688,0.8443392341174301,0.7109014084738552,0.749232005164907,0.5130251735108557,0.5130737739932943
549,0.8396641428597479,0.844339234143029,0.710901408396507,0.7492320051129581,0.5130251733666961,0.513073773849121
550,0.8396641428754411,0.8443392341733298,0.7109014084726992,0.7492320051790483,0.5130251734728114,0.5130737739996785
551,0.8396641428746986,0.8443392341765917,0.7109014086844542,0.7492320053478815,0.5130251733463784,0.5130737738732019
552,0.8396641429215232,0.8443392342144675,0.7109014085897928,0.7492320053359052,0.5130251734592367,0.5130737739860489
553,0.8396641429454519,0.8443392342413394,0.7109014090225739,0.7492320056722829,0.5130251735650488,0.5130737740918505
554,0.8396641429798574,0.8443392342668531,0.7109014088777674,0.7492320055196686,0.5130251738219724,0.5130737744406936
555,0.8396641430186969,0.8443392343091287,0.7109014087420344,0.7492320053766172,0.5130251738133806,0.5130737744443024
556,0.8396641430300044,0.844339234323114,0.7109014088874719,0.749232005506732,0.5130251737215771,0.5130737743524901
557,0.8396641430395406,0.8443392343374283,0.7109014087682591,0.7492320053810916,0.5130251736813701,0.5130737743895045
558,0.8396641430729812,0.8443392343645328,0.7109014088429207,0.749232005391258,0.5130251736939415,0.5130737743728321
559,0.8396641430987251,0.8443392343924394,0.7109014088111834,0.7492320053552588,0.5130251738385445,0.5130737745188089
560,0.8396641431276951,0.8443392344234881,0.7109014087823293,0.7492320053206589,0.5130251739056999,0.5130737745859576
561,0.839664143134085,0.8443392344301898,0.7109014087410648,0.7492320053024887,0.5130251738394681,0.5130737745197097
562,0.8396641431491999,0.8443392344432489,0.7109014088759296,0.7492320054748776,0.5130251738273521,0.5130737745286683
563,0.8396641431375764,0.8443392344263629,0.7109014089875821,0.749232005537665,0.5130251738723749,0.5130737747072543
564,0.8396641431544618,0.844339234444565,0.7109014090182465,0.7492320055642636,0.5130251738179591,0.5130737746528333
565,0.8396641431696071,0.8443392344595881,0.7109014089476523,0.7492320054898631,0.5130251738298212,0.5130737746383797
566,0.8396641431812875,0.8443392344723487,0.7109014088815695,0.7492320054202173,0.5130251737821322,0.5130737745906863
567,0.8396641431849153,0.8443392344766423,0.7109014089525604,0.7492320054832029,0.5130251737374963,0.5130737745460461
568,0.8396641431858893,0.8443392344756944,0.7109014089280776,0.7492320054702191,0.5130251737291259,0.5130737745522916
569,0.8396641431856692,0.8443392344773164,0.7109014089934839,0.7492320055221415,0.5130251737467932,0.5130737745920518
570,0.8396641431862755,0.8443392344781293,0.7109014089428035,0.7492320054687286,0.5130251737503402,0.5130737745866444
571,0.8396641431875161,0.8443392344795957,0.7109014089620846,0.7492320054854533,0.5130251737569022,0.5130737745783421
572,0.8396641431982317,0.8443392344891009,0.710901409042507,0.7492320055634843,0.5130251737512903,0.5130737745823349
573,0.8396641432012545,0.8443392344943168,0.7109014090010258,0.7492320055197665,0.5130251737213555,0.5130737745523972
574,0.8396641431965002,0.8443392344935018,0.7109014090528272,0.749232005551993,0.5130251737294012,0.5130737745429574
575,0.8396641432005222,0.8443392344987495,0.7109014090978565,0.7492320055855359,0.5130251737271493,0.51307377454388
576,0.8396641432033601,0.8443392344964482,0.7109014091116485,0.7492320055974993,0.5130251737026746,0.5130737745194031
577,0.839664143205227,0.8443392345000006,0.7109014091119622,0.7492320055766643,0.5130251736923849,0.5130737745285667
578,0.8396641432094075,0.8443392345046726,0.7109014091077557,0.7492320055616889,0.5130251736872564,0.5130737745326072
579,0.8396641432154869,0.8443392345112052,0.7109014091190196,0.7492320055714594,0.5130251736859438,0.5130737745329035
580,0.8396641432200225,0.8443392345166028,0.7109014090931354,0.7492320055441797,0.5130251736672646,0.5130737745142226
581,0.8396641432201299,0.8443392345168319,0.7109014091227511,0.7492320055669527,0.5130251736498108,0.5130737744967672
582,0.8396641432204932,0.8443392345158609,0.7109014091319403,0.7492320055749235,0.5130251736882596,0.5130737745211031
583,0.8396641432228542,0.8443392345183127,0.7109014091228013,0.7492320055703997,0.5130251736730344,0.5130737745058743
584,0.8396641432239074,0.8443392345190792,0.7109014091030844,0.7492320055496198,0.5130251736795585,0.513073774498794
585,0.8396641432238463,0.8443392345193976,0.71090140908467,0.7492320055302125,0.5130251736813091,0.5130737744963674
586,0.8396641432269278,0.8443392345224442,0.7109014090815506,0.7492320055222019,0.5130251736688997,0.5130737744839567
587,0.8396641432271297,0.8443392345231485,0.7109014090999148,0.7492320055386162,0.5130251737024836,0.5130737745175395
588,0.8396641432303177,0.8443392345261511,0.7109014091151749,0.7492320055558255,0.5130251737035876,0.5130737745158852
589,0.8396641432331032,0.844339234529335,0.710901409101182,0.7492320055410782,0.5130251737131728,0.5130737745254695
590,0.8396641432335712,0.8443392345303712,0.7109014091022474,0.7492320055315593,0.5130251737037477,0.5130737745160435
591,0.8396641432360685,0.844339234533426,0.7109014090900586,0.7492320055187133,0.5130251736949515,0.5130737745072466
592,0.839664143239181,0.8443392345369506,0.7109014090873489,0.7492320055140611,0.5130251737114071,0.5130737745223721
593,0.8396641432410785,0.8443392345394314,0.7109014090888984,0.7492320055205707,0.5130251737247576,0.5130737745384881
594,0.8396641432405071,0.8443392345387342,0.7109014090988526,0.7492320055320616,0.5130251737235408,0.5130737745393414
595,0.8396641432438312,0.844339234541347,0.7109014090973413,0.7492320055405862,0.5130251737207381,0.5130737745418051
596,0.8396641432420342,0.8443392345404579,0.7109014091096528,0.7492320055469327,0.513025173714522,0.5130737745355886
597,0.8396641432420073,0.8443392345405968,0.7109014091016199,0.7492320055384667,0.5130251737218458,0.5130737745392694
598,0.8396641432426347,0.8443392345418083,0.710901409104666,0.7492320055411089,0.5130251737260881,0.5130737745452885
599,0.8396641432439764,0.8443392345426916,0.7109014091135798,0.7492320055473225,0.5130251737210484,0.5130737745402483
600,0.8396641432420856,0.844339234540507,0.7109014091105783,0.7492320055461101,0.5130251737219993,0.5130737745390586
601,0.8396641432437717,0.8443392345423613,0.7109014091045097,0.7492320055397144,0.5130251737176206,0.5130737745346795
602,0.8396641432453846,0.8443392345415143,0.7109014090988537,0.7492320055337535,0.513025173721495,0.5130737745385535
603,0.8396641432468843,0.8443392345430976,0.7109014091009972,0.7492320055356128,0.5130251737228932,0.5130737745443761
604,0.8396641432475769,0.8443392345438718,0.7109014091002998,0.7492320055331313,0.5130251737235629,0.5130737745435262
605,0.839664143247732,0.8443392345442342,0.7109014091035308,0.7492320055398114,0.5130251737216316,0.51307377454529
606,0.8396641432483108,0.8443392345447497,0.7109014091034653,0.7492320055371179,0.5130251737203544,0.5130737745464107
607,0.8396641432483626,0.844339234544832,0.7109014090994951,0.7492320055329336,0.5130251737174892,0.5130737745435452
608,0.8396641432486551,0.8443392345450347,0.7109014090977288,0.7492320055375078,0.5130251737167523,0.5130737745493478
609,0.8396641432490007,0.8443392345453288,0.7109014090960676,0.7492320055369404,0.5130251737142674,0.5130737745468626
610,0.8396641432491273,0.8443392345455213,0.7109014090973714,0.7492320055380713,0.5130251737119537,0.5130737745445487
611,0.8396641432495612,0.8443392345458219,0.7109014090992634,0.7492320055426449,0.5130251737097996,0.5130737745423944
612,0.8396641432505743,0.8443392345467118,0.7109014090991075,0.7492320055449109,0.5130251737077947,0.5130737745403892
613,0.8396641432510892,0.8443392345473002,0.7109014091001592,0.7492320055458231,0.5130251737098867,0.5130737745418402
614,0.8396641432513086,0.844339234547119,0.7109014091022884,0.7492320055489073,0.5130251737081497,0.5130737745401032
615,0.8396641432515681,0.8443392345474969,0.7109014091082587,0.7492320055540892,0.5130251737084425,0.5130737745397282
616,0.8396641432521076,0.8443392345480843,0.7109014091076535,0.7492320055533456,0.5130251737083913,0.5130737745397029
617,0.8396641432525955,0.8443392345486447,0.7109014091084419,0.7492320055540295,0.5130251737097193,0.5130737745410308
618,0.8396641432529083,0.8443392345489917,0.7109014091106582,0.7492320055557192,0.5130251737109546,0.5130737745422659
619,0.8396641432533162,0.8443392345493023,0.7109014091130179,0.7492320055569925,0.5130251737097442,0.5130737745410554
620,0.8396641432535447,0.8443392345495838,0.7109014091114582,0.7492320055553487,0.5130251737108127,0.5130737745421238
621,0.8396641432537694,0.8443392345495685,0.7109014091100078,0.7492320055538202,0.5130251737110864,0.5130737745417973
622,0.8396641432539839,0.8443392345498933,0.7109014091092614,0.7492320055536938,0.5130251737127028,0.5130737745420282
623,0.8396641432542484,0.8443392345500597,0.7109014091111177,0.7492320055545529,0.5130251737122151,0.5130737745424699
624,0.8396641432542831,0.8443392345501569,0.7109014091141296,0.7492320055573429,0.5130251737121142,0.513073774542528
625,0.8396641432545677,0.8443392345504731,0.7109014091160935,0.7492320055592484,0.5130251737113328,0.5130737745417465
626,0.8396641432546792,0.8443392345506197,0.7109014091165027,0.7492320055596035,0.5130251737106065,0.5130737745410202
627,0.839664143254467,0.8443392345504982,0.7109014091155675,0.7492320055586179,0.5130251737106989,0.5130737745408938
628,0.8396641432544041,0.8443392345504884,0.7109014091164981,0.749232005559569,0.5130251737106493,0.5130737745409114
629,0.8396641432546326,0.8443392345506731,0.7109014091160344,0.7492320055595102,0.5130251737116505,0.5130737745410158
630,0.8396641432547819,0.8443392345508436,0.7109014091163393,0.7492320055597746,0.5130251737111095,0.5130737745404748
631,0.8396641432547469,0.8443392345508172,0.7109014091160958,0.7492320055595675,0.5130251737106084,0.513073774539974
632,0.8396641432547574,0.8443392345507893,0.7109014091163587,0.7492320055597955,0.5130251737117084,0.5130737745406703
633,0.8396641432549193,0.8443392345509605,0.7109014091161119,0.749232005559654,0.5130251737117663,0.5130737745405904
634,0.8396641432548042,0.8443392345509502,0.7109014091161394,0.7492320055600497,0.5130251737113641,0.5130737745401882
635,0.839664143254755,0.8443392345508962,0.7109014091166246,0.7492320055599575,0.5130251737114921,0.5130737745400413
636,0.839664143254644,0.8443392345508427,0.7109014091165249,0.7492320055597466,0.5130251737114407,0.5130737745400752
637,0.8396641432546796,0.8443392345508478,0.7109014091165158,0.7492320055594672,0.5130251737114996,0.5130737745406266
638,0.8396641432548078,0.8443392345509846,0.7109014091167233,0.7492320055595738,0.5130251737114724,0.5130737745406386
639,0.839664143254852,0.8443392345509845,0.7109014091171143,0.7492320055610929,0.5130251737119649,0.5130737745406717
640,0.8396641432549038,0.8443392345510203,0.7109014091173399,0.7492320055616383,0.5130251737117081,0.5130737745404149
641,0.8396641432549493,0.8443392345510686,0.7109014091172221,0.7492320055615423,0.5130251737117218,0.513073774540389
642,0.8396641432549974,0.8443392345511253,0.7109014091172777,0.7492320055617193,0.5130251737117507,0.5130737745403491
643,0.8396641432550939,0.8443392345512228,0.7109014091169937,0.74923200556142,0.5130251737117119,0.5130737745403775
644,0.8396641432552,0.8443392345512754,0.7109014091168043,0.749232005561439,0.5130251737118176,0.5130737745413733
645,0.8396641432552828,0.8443392345512633,0.7109014091166143,0.7492320055614711,0.5130251737119307,0.5130737745412511
646,0.8396641432553262,0.8443392345512919,0.7109014091169031,0.7492320055616725,0.5130251737117674,0.5130737745410878
647,0.8396641432553689,0.8443392345513271,0.7109014091166933,0.7492320055614514,0.5130251737116159,0.5130737745409364
648,0.8396641432554212,0.8443392345513826,0.7109014091164989,0.7492320055612466,0.5130251737114756,0.5130737745407961
649,0.8396641432554585,0.8443392345514273,0.7109014091163188,0.7492320055610567,0.5130251737114813,0.5130737745407837
650,0.8396641432554895,0.844339234551463,0.7109014091161519,0.7492320055608808,0.5130251737113608,0.5130737745406633
651,0.8396641432554711,0.8443392345514504,0.7109014091159972,0.7492320055607178,0.5130251737114667,0.5130737745407692
652,0.8396641432554854,0.8443392345514626,0.7109014091159281,0.7492320055606941,0.5130251737115116,0.5130737745409206
653,0.8396641432554851,0.844339234551465,0.7109014091157955,0.7492320055605544,0.5130251737115242,0.5130737745409032
654,0.8396641432555374,0.8443392345515006,0.7109014091157333,0.7492320055605369,0.5130251737114963,0.5130737745409266
655,0.8396641432555405,0.8443392345514993,0.7109014091157796,0.7492320055605771,0.5130251737117342,0.5130737745411645
656,0.8396641432555387,0.8443392345514981,0.7109014091156742,0.7492320055604661,0.5130251737116581,0.5130737745410885
657,0.8396641432555266,0.8443392345514961,0.7109014091158045,0.7492320055605471,0.5130251737116783,0.5130737745410647
658,0.8396641432555187,0.8443392345514924,0.7109014091157945,0.7492320055604986,0.5130251737116934,0.5130737745410462
659,0.8396641432555167,0.8443392345514932,0.7109014091158284,0.7492320055605282,0.5130251737118096,0.5130737745411621
660,0.8396641432555353,0.8443392345515155,0.7109014091158025,0.7492320055605041,0.5130251737119259,0.5130737745412604
661,0.8396641432555604,0.8443392345515423,0.7109014091158316,0.7492320055605293,0.5130251737119246,0.513073774541259
662,0.8396641432555624,0.8443392345515478,0.7109014091158165,0.7492320055605015,0.5130251737118768,0.5130737745412113
663,0.8396641432555622,0.8443392345515489,0.7109014091158903,0.7492320055605604,0.5130251737118816,0.5130737745412043
664,0.8396641432555357,0.844339234551525,0.7109014091159132,0.7492320055605804,0.5130251737118408,0.5130737745411634
665,0.839664143255549,0.8443392345515365,0.7109014091160754,0.7492320055608266,0.5130251737118029,0.5130737745411256
666,0.8396641432555614,0.8443392345515502,0.710901409116027,0.7492320055607755,0.513025173711811,0.5130737745411157
667,0.8396641432555552,0.8443392345515431,0.7109014091159821,0.7492320055607282,0.5130251737117788,0.5130737745410835
668,0.8396641432555563,0.8443392345515461,0.710901409115999,0.7492320055607429,0.5130251737117772,0.5130737745410836
669,0.8396641432555563,0.8443392345515385,0.7109014091159607,0.7492320055607026,0.5130251737117496,0.513073774541056
670,0.8396641432555514,0.844339234551539,0.7109014091160099,0.7492320055607301,0.5130251737117694,0.5130737745411346
671,0.8396641432555589,0.8443392345515423,0.7109014091160857,0.7492320055607713,0.5130251737117458,0.513073774541111
672,0.8396641432555653,0.8443392345515498,0.710901409116098,0.749232005560782,0.5130251737117516,0.5130737745411041
673,0.8396641432555494,0.8443392345515421,0.7109014091161283,0.7492320055607727,0.5130251737117315,0.513073774541084
674,0.8396641432555517,0.844339234551546,0.7109014091161389,0.7492320055607818,0.5130251737117129,0.5130737745410654
675,0.8396641432555517,0.8443392345515469,0.7109014091161676,0.7492320055608047,0.5130251737117206,0.5130737745410828
676,0.8396641432555522,0.8443392345515478,0.7109014091161618,0.7492320055607963,0.513025173711721,0.5130737745410817
677,0.8396641432555523,0.8443392345515487,0.7109014091161561,0.7492320055607888,0.5130251737117203,0.5130737745410816
678,0.8396641432555514,0.844339234551548,0.7109014091161373,0.7492320055607691,0.5130251737117068,0.5130737745410681
679,0.8396641432555557,0.8443392345515524,0.710901409116133,0.7492320055607622,0.5130251737117202,0.5130737745410783
680,0.8396641432555544,0.8443392345515527,0.7109014091161358,0.7492320055607716,0.513025173711718,0.5130737745410798
681,0.8396641432555574,0.8443392345515552,0.7109014091161352,0.7492320055607626,0.5130251737117073,0.5130737745410692
682,0.8396641432555557,0.8443392345515535,0.7109014091161522,0.7492320055607751,0.5130251737116974,0.5130737745410593
683,0.8396641432555582,0.8443392345515564,0.7109014091161664,0.7492320055607882,0.5130251737116972,0.513073774541059
684,0.8396641432555572,0.8443392345515552,0.7109014091161547,0.749232005560776,0.5130251737116889,0.5130737745410506
685,0.8396641432555583,0.8443392345515566,0.7109014091161591,0.7492320055607797,0.5130251737116962,0.513073774541058
686,0.8396641432555587,0.8443392345515579,0.7109014091161592,0.7492320055607732,0.5130251737116991,0.5130737745410547
687,0.8396641432555614,0.8443392345515599,0.7109014091161715,0.7492320055607806,0.5130251737116925,0.5130737745410482
688,0.8396641432555626,0.8443392345515615,0.7109014091161778,0.7492320055607808,0.5130251737116939,0.5130737745410466
689,0.8396641432555627,0.8443392345515613,0.7109014091161809,0.7492320055607836,0.5130251737117101,0.5130737745410628
690,0.839664143255564,0.8443392345515631,0.7109014091161838,0.7492320055607862,0.5130251737117049,0.5130737745410576
691,0.8396641432555656,0.8443392345515648,0.7109014091161978,0.7492320055607958,0.5130251737117038,0.5130737745410585
692,0.8396641432555667,0.8443392345515652,0.7109014091161917,0.7492320055607894,0.5130251737116993,0.5130737745410541
693,0.8396641432555675,0.8443392345515663,0.7109014091161975,0.7492320055607958,0.5130251737116998,0.5130737745410535
694,0.8396641432555673,0.8443392345515652,0.7109014091161924,0.7492320055607904,0.5130251737116961,0.5130737745410571
695,0.8396641432555658,0.8443392345515639,0.7109014091161909,0.7492320055607887,0.5130251737116927,0.5130737745410536
696,0.8396641432555658,0.8443392345515642,0.7109014091161893,0.7492320055607876,0.5130251737116895,0.5130737745410505
697,0.8396641432555657,0.8443392345515639,0.7109014091161866,0.7492320055607877,0.5130251737116923,0.5130737745410533
698,0.839664143255566,0.8443392345515641,0.7109014091161846,0.7492320055607874,0.5130251737116949,0.5130737745410558
699,0.8396641432555659,0.8443392345515641,0.7109014091161944,0.7492320055607947,0.5130251737116924,0.5130737745410534
700,0.8396641432555659,0.8443392345515645,0.7109014091161966,0.7492320055607994,0.513025173711691,0.5130737745410546
701,0.8396641432555668,0.8443392345515652,0.7109014091161956,0.7492320055607984,0.5130251737116953,0.5130737745410583
702,0.8396641432555666,0.8443392345515645,0.7109014091161976,0.7492320055608022,0.5130251737117029,0.5130737745410621
703,0.839664143255567,0.8443392345515649,0.7109014091161971,0.7492320055608045,0.5130251737117011,0.5130737745410603
704,0.8396641432555674,0.8443392345515652,0.7109014091161959,0.749232005560804,0.5130251737117005,0.5130737745410606
705,0.8396641432555677,0.8443392345515655,0.7109014091161968,0.7492320055608048,0.5130251737116991,0.5130737745410592
706,0.8396641432555668,0.8443392345515648,0.7109014091161976,0.7492320055608055,0.5130251737116978,0.5130737745410578
707,0.8396641432555658,0.8443392345515643,0.7109014091161983,0.7492320055608062,0.5130251737116965,0.5130737745410566
708,0.8396641432555662,0.8443392345515648,0.7109014091161977,0.7492320055608056,0.5130251737116965,0.5130737745410565
709,0.8396641432555665,0.8443392345515649,0.7109014091162008,0.7492320055608078,0.5130251737116962,0.5130737745410566
710,0.8396641432555668,0.8443392345515653,0.7109014091162014,0.7492320055608084,0.5130251737116962,0.5130737745410565
711,0.8396641432555672,0.8443392345515656,0.7109014091162008,0.7492320055608099,0.5130251737116968,0.513073774541056
712,0.8396641432555675,0.8443392345515659,0.7109014091162024,0.7492320055608108,0.5130251737116959,0.5130737745410551
713,0.8396641432555677,0.8443392345515659,0.710901409116202,0.7492320055608105,0.5130251737116951,0.5130737745410543
714,0.839664143255568,0.8443392345515659,0.7109014091162017,0.7492320055608102,0.5130251737116951,0.5130737745410543
715,0.8396641432555683,0.844339234551566,0.7109014091162016,0.7492320055608098,0.5130251737116961,0.5130737745410558
716,0.8396641432555684,0.8443392345515661,0.7109014091162019,0.7492320055608102,0.5130251737116959,0.513073774541056
717,0.8396641432555686,0.8443392345515663,0.7109014091162026,0.7492320055608112,0.5130251737116968,0.5130737745410561
718,0.8396641432555688,0.8443392345515663,0.7109014091162026,0.7492320055608107,0.5130251737116965,0.5130737745410562
719,0.8396641432555689,0.8443392345515665,0.7109014091162026,0.7492320055608103,0.5130251737116963,0.5130737745410564
720,0.839664143255569,0.8443392345515667,0.7109014091162038,0.7492320055608113,0.5130251737116965,0.513073774541057
721,0.8396641432555692,0.8443392345515667,0.7109014091162045,0.7492320055608126,0.5130251737116965,0.5130737745410576
722,0.8396641432555693,0.8443392345515669,0.710901409116204,0.7492320055608122,0.5130251737116962,0.5130737745410573
723,0.8396641432555694,0.8443392345515669,0.7109014091162038,0.7492320055608122,0.5130251737116965,0.5130737745410576
724,0.8396641432555693,0.8443392345515669,0.7109014091162034,0.7492320055608117,0.5130251737116963,0.5130737745410576
725,0.8396641432555693,0.8443392345515669,0.7109014091162031,0.7492320055608116,0.5130251737116963,0.5130737745410575
726,0.8396641432555694,0.8443392345515669,0.710901409116203,0.749232005560812,0.5130251737116962,0.5130737745410576
727,0.8396641432555694,0.8443392345515671,0.7109014091162031,0.7492320055608122,0.5130251737116963,0.5130737745410575
728,0.8396641432555695,0.8443392345515673,0.710901409116203,0.749232005560812,0.5130251737116963,0.5130737745410575
729,0.8396641432555695,0.8443392345515673,0.7109014091162029,0.749232005560812,0.5130251737116962,0.5130737745410575
730,0.8396641432555695,0.8443392345515673,0.7109014091162033,0.7492320055608124,0.5130251737116962,0.5130737745410575
731,0.8396641432555695,0.8443392345515673,0.710901409116203,0.7492320055608122,0.5130251737116961,0.5130737745410575
732,0.8396641432555695,0.8443392345515673,0.710901409116203,0.749232005560812,0.5130251737116959,0.5130737745410573
733,0.8396641432555695,0.8443392345515673,0.7109014091162029,0.7492320055608119,0.513025173711696,0.5130737745410575
734,0.8396641432555695,0.8443392345515672,0.710901409116203,0.749232005560812,0.5130251737116959,0.5130737745410574
735,0.8396641432555696,0.8443392345515672,0.7109014091162029,0.7492320055608119,0.5130251737116958,0.5130737745410573
736,0.8396641432555696,0.8443392345515672,0.7109014091162031,0.7492320055608122,0.5130251737116956,0.5130737745410572
737,0.8396641432555696,0.8443392345515672,0.7109014091162035,0.7492320055608127,0.5130251737116958,0.5130737745410572
738,0.8396641432555695,0.8443392345515672,0.7109014091162036,0.749232005560813,0.5130251737116958,0.5130737745410571
739,0.8396641432555694,0.8443392345515671,0.7109014091162035,0.749232005560813,0.5130251737116958,0.5130737745410571
740,0.8396641432555694,0.8443392345515671,0.7109014091162035,0.7492320055608129,0.5130251737116956,0.5130737745410571
741,0.8396641432555694,0.844339234551567,0.7109014091162038,0.7492320055608132,0.5130251737116955,0.5130737745410571
742,0.8396641432555694,0.844339234551567,0.7109014091162038,0.7492320055608132,0.5130251737116954,0.513073774541057
743,0.8396641432555694,0.844339234551567,0.7109014091162037,0.749232005560813,0.5130251737116953,0.513073774541057
744,0.8396641432555694,0.844339234551567,0.7109014091162037,0.7492320055608129,0.5130251737116952,0.5130737745410568
745,0.8396641432555692,0.844339234551567,0.7109014091162037,0.7492320055608129,0.5130251737116952,0.5130737745410567
746,0.8396641432555692,0.844339234551567,0.7109014091162037,0.7492320055608129,0.5130251737116951,0.5130737745410566
747,0.839664143255569,0.844339234551567,0.7109014091162037,0.7492320055608129,0.513025173711695,0.5130737745410565
748,0.839664143255569,0.844339234551567,0.7109014091162036,0.7492320055608128,0.5130251737116949,0.5130737745410564
749,0.8396641432555689,0.8443392345515668,0.7109014091162036,0.7492320055608128,0.5130251737116949,0.5130737745410564
750,0.8396641432555689,0.8443392345515668,0.7109014091162036,0.7492320055608128,0.5130251737116949,0.5130737745410564
751,0.8396641432555689,0.8443392345515668,0.7109014091162035,0.7492320055608127,0.5130251737116948,0.5130737745410563
752,0.8396641432555689,0.8443392345515668,0.7109014091162035,0.7492320055608127,0.5130251737116948,0.5130737745410563
753,0.8396641432555689,0.8443392345515667,0.7109014091162035,0.7492320055608128,0.5130251737116948,0.5130737745410563
754,0.8396641432555689,0.8443392345515667,0.7109014091162035,0.7492320055608128,0.5130251737116948,0.5130737745410563
755,0.8396641432555689,0.8443392345515667,0.7109014091162036,0.7492320055608129,0.5130251737116948,0.5130737745410563
756,0.8396641432555689,0.8443392345515667,0.7109014091162037,0.749232005560813,0.5130251737116948,0.5130737745410563
757,0.8396641432555689,0.8443392345515667,0.7109014091162038,0.749232005560813,0.5130251737116948,0.5130737745410563
758,0.8396641432555689,0.8443392345515667,0.7109014091162039,0.7492320055608132,0.5130251737116948,0.5130737745410563
759,0.8396641432555689,0.8443392345515667,0.7109014091162039,0.7492320055608132,0.5130251737116948,0.5130737745410563
760,0.8396641432555689,0.8443392345515667,0.7109014091162039,0.7492320055608132,0.5130251737116948,0.5130737745410563
761,0.8396641432555689,0.8443392345515667,0.7109014091162039,0.7492320055608132,0.5130251737116948,0.5130737745410563
762,0.8396641432555689,0.8443392345515667,0.7109014091162039,0.7492320055608132,0.5130251737116948,0.5130737745410563
763,0.8396641432555689,0.8443392345515667,0.7109014091162039,0.7492320055608132,0.5130251737116948,0.5130737745410563
764,0.8396641432555689,0.8443392345515667,0.7109014091162039,0.7492320055608132,0.5130251737116948,0.5130737745410563
765,0.8396641432555689,0.8443392345515667,0.7109014091162039,0.7492320055608132,0.5130251737116948,0.5130737745410563
766,0.8396641432555689,0.8443392345515667,0.7109014091162039,0.7492320055608132,0.5130251737116948,0.5130737745410563
767,0.8396641432555689,0.8443392345515667,0.7109014091162039,0.7492320055608132,0.5130251737116948,0.5130737745410563
768,0.8396641432555689,0.8443392345515667,0.7109014091162039,0.7492320055608132,0.5130251737116948,0.5130737745410563
769,0.8396641432555689,0.8443392345515667,0.7109014091162039,0.7492320055608132,0.5130251737116948,0.5130737745410563
770,0.8396641432555689,0.8443392345515667,0.7109014091162039,0.7492320055608132,0.5130251737116948,0.5130737745410563
771,0.8396641432555689,0.8443392345515667,0.7109014091162039,0.7492320055608132,0.5130251737116948,0.5130737745410563
772,0.8396641432555689,0.8443392345515667,0.7109014091162039,0.7492320055608132,0.5130251737116948,0.5130737745410563
773,0.8396641432555689,0.8443392345515667,0.7109014091162039,0.7492320055608132,0.5130251737116948,0.5130737745410563
774,0.8396641432555689,0.8443392345515667,0.7109014091162039,0.7492320055608132,0.5130251737116948,0.5130737745410563
775,0.8396641432555689,0.8443392345515667,0.7109014091162039,0.7492320055608132,0.5130251737116948,0.5130737745410563
776,0.8396641432555689,0.8443392345515667,0.7109014091162039,0.7492320055608132,0.5130251737116948,0.5130737745410563
777,0.8396641432555689,0.8443392345515667,0.7109014091162039,0.7492320055608132,0.5130251737116948,0.5130737745410563
778,0.8396641432555689,0.8443392345515667,0.7109014091162039,0.7492320055608132,0.5130251737116948,0.5130737745410563
779,0.8396641432555689,0.8443392345515667,0.7109014091162039,0.7492320055608132,0.5130251737116948,0.5130737745410563
780,0.8396641432555689,0.8443392345515667,0.7109014091162039,0.7492320055608132,0.5130251737116948,0.5130737745410563
781,0.8396641432555689,0.8443392345515667,0.7109014091162039,0.7492320055608132,0.5130251737116948,0.5130737745410563
782,0.8396641432555689,0.8443392345515667,0.7109014091162039,0.7492320055608132,0.5130251737116948,0.5130737745410563
783,0.8396641432555689,0.8443392345515667,0.7109014091162039,0.7492320055608132,0.5130251737116948,0.5130737745410563
784,0.8396641432555689,0.8443392345515667,0.7109014091162039,0.7492320055608132,0.5130251737116948,0.5130737745410563
785,0.8396641432555689,0.8443392345515667,0.7109014091162039,0.7492320055608132,0.5130251737116948,0.5130737745410563
786,0.8396641432555689,0.8443392345515667,0.7109014091162039,0.7492320055608132,0.5130251737116948,0.5130737745410563
787,0.8396641432555689,0.8443392345515667,0.7109014091162039,0.7492320055608132,0.5130251737116948,0.5130737745410563
788,0.8396641432555689,0.8443392345515667,0.7109014091162039,0.7492320055608132,0.5130251737116948,0.5130737745410563
789,0.8396641432555689,0.8443392345515667,0.7109014091162039,0.7492320055608132,0.5130251737116948,0.5130737745410563
790,0.8396641432555689,0.8443392345515667,0.7109014091162039,0.7492320055608132,0.5130251737116948,0.5130737745410563
791,0.8396641432555689,0.8443392345515667,0.7109014091162039,0.7492320055608132,0.5130251737116948,0.5130737745410563
792,0.8396641432555689,0.8443392345515667,0.7109014091162039,0.7492320055608132,0.5130251737116948,0.5130737745410563
793,0.8396641432555689,0.8443392345515667,0.7109014091162039,0.7492320055608132,0.5130251737116948,0.5130737745410563
794,0.8396641432555689,0.8443392345515667,0.7109014091162039,0.7492320055608132,0.5130251737116948,0.5130737745410563
795,0.8396641432555689,0.8443392345515667,0.7109014091162039,0.7492320055608132,0.5130251737116948,0.5130737745410563
796,0.8396641432555689,0.8443392345515667,0.7109014091162039,0.7492320055608132,0.5130251737116948,0.5130737745410563
797,0.8396641432555689,0.8443392345515667,0.7109014091162039,0.7492320055608132,0.5130251737116948,0.5130737745410563
798,0.8396641432555689,0.8443392345515667,0.7109014091162039,0.7492320055608132,0.5130251737116948,0.5130737745410563
799,0.8396641432555689,0.8443392345515667,0.7109014091162039,0.7492320055608132,0.5130251737116948,0.5130737745410563
800,0.8396641432555689,0.8443392345515667,0.7109014091162039,0.7492320055608132,0.5130251737116948,0.5130737745410563
801,0.8396641432555689,0.8443392345515667,0.7109014091162039,0.7492320055608132,0.5130251737116948,0.5130737745410563
802,0.8396641432555689,0.8443392345515667,0.7109014091162039,0.7492320055608132,0.5130251737116948,0.5130737745410563
803,0.8396641432555689,0.8443392345515667,0.7109014091162039,0.7492320055608132,0.5130251737116948,0.5130737745410563
804,0.8396641432555689,0.8443392345515667,0.7109014091162039,0.7492320055608132,0.5130251737116948,0.5130737745410563
805,0.8396641432555689,0.8443392345515667,0.7109014091162039,0.7492320055608132,0.5130251737116948,0.5130737745410563
806,0.8396641432555689,0.8443392345515667,0.7109014091162039,0.7492320055608132,0.5130251737116948,0.5130737745410563
807,0.8396641432555689,0.8443392345515667,0.7109014091162039,0.7492320055608132,0.5130251737116948,0.5130737745410563
808,0.8396641432555689,0.8443392345515667,0.7109014091162039,0.7492320055608132,0.5130251737116948,0.5130737745410563
809,0.8396641432555689,0.8443392345515667,0.7109014091162039,0.7492320055608132,0.5130251737116948,0.5130737745410563
810,0.8396641432555689,0.8443392345515667,0.7109014091162039,0.7492320055608132,0.5130251737116948,0.5130737745410563
811,0.8396641432555689,0.8443392345515667,0.7109014091162039,0.7492320055608132,0.5130251737116948,0.5130737745410563
812,0.8396641432555689,0.8443392345515667,0.7109014091162039,0.7492320055608132,0.5130251737116948,0.5130737745410563
813,0.8396641432555689,0.8443392345515667,0.7109014091162039,0.7492320055608132,0.5130251737116948,0.5130737745410563
814,0.8396641432555689,0.8443392345515667,0.7109014091162039,0.7492320055608132,0.5130251737116948,0.5130737745410563
815,0.8396641432555689,0.8443392345515667,0.7109014091162039,0.7492320055608132,0.5130251737116948,0.5130737745410563
816,0.8396641432555689,0.8443392345515667,0.7109014091162039,0.7492320055608132,0.5130251737116948,0.5130737745410563
817,0.8396641432555689,0.8443392345515667,0.7109014091162039,0.7492320055608132,0.5130251737116948,0.5130737745410563
818,0.8396641432555689,0.8443392345515667,0.7109014091162039,0.7492320055608132,0.5130251737116948,0.5130737745410563
819,0.8396641432555689,0.8443392345515667,0.7109014091162039,0.7492320055608132,0.5130251737116948,0.5130737745410563
820,0.8396641432555689,0.8443392345515667,0.7109014091162039,0.7492320055608132,0.5130251737116948,0.5130737745410563
821,0.8396641432555689,0.8443392345515667,0.7109014091162039,0.7492320055608132,0.5130251737116948,0.5130737745410563
822,0.8396641432555689,0.8443392345515667,0.7109014091162039,0.7492320055608132,0.5130251737116948,0.5130737745410563
823,0.8396641432555689,0.8443392345515667,0.7109014091162039,0.7492320055608132,0.5130251737116948,0.5130737745410563
824,0.8396641432555689,0.8443392345515667,0.7109014091162039,0.7492320055608132,0.5130251737116948,0.5130737745410563
825,0.8396641432555689,0.8443392345515667,0.7109014091162039,0.7492320055608132,0.5130251737116948,0.5130737745410563
826,0.8396641432555689,0.8443392345515667,0.7109014091162039,0.7492320055608132,0.5130251737116948,0.5130737745410563
827,0.8396641432555689,0.8443392345515667,0.7109014091162039,0.7492320055608132,0.5130251737116948,0.5130737745410563
828,0.8396641432555689,0.8443392345515667,0.7109014091162039,0.7492320055608132,0.5130251737116948,0.5130737745410563
829,0.8396641432555689,0.8443392345515667,0.7109014091162039,0.7492320055608132,0.5130251737116948,0.5130737745410563
830,0.8396641432555689,0.8443392345515667,0.7109014091162039,0.7492320055608132,0.5130251737116948,0.5130737745410563
831,0.8396641432555689,0.8443392345515667,0.7109014091162039,0.7492320055608132,0.5130251737116948,0.5130737745410563
832,0.8396641432555689,0.8443392345515667,0.7109014091162039,0.7492320055608132,0.5130251737116948,0.5130737745410563
833,0.8396641432555689,0.8443392345515667,0.7109014091162039,0.7492320055608132,0.5130251737116948,0.5130737745410563
834,0.8396641432555689,0.8443392345515667,0.7109014091162039,0.7492320055608132,0.5130251737116948,0.5130737745410563
835,0.8396641432555689,0.8443392345515667,0.7109014091162039,0.7492320055608132,0.5130251737116948,0.5130737745410563
836,0.8396641432555689,0.8443392345515667,0.7109014091162039,0.7492320055608132,0.5130251737116948,0.5130737745410563
837,0.8396641432555689,0.8443392345515667,0.7109014091162039,0.7492320055608132,0.5130251737116948,0.5130737745410563
838,0.8396641432555689,0.8443392345515667,0.7109014091162039,0.7492320055608132,0.5130251737116948,0.5130737745410563
839,0.8396641432555689,0.8443392345515667,0.7109014091162039,0.7492320055608132,0.5130251737116948,0.5130737745410563
840,0.8396641432555689,0.8443392345515667,0.7109014091162039,0.7492320055608132,0.5130251737116948,0.5130737745410563
841,0.8396641432555689,0.8443392345515667,0.7109014091162039,0.7492320055608132,0.5130251737116948,0.5130737745410563
842,0.8396641432555689,0.8443392345515667,0.7109014091162039,0.7492320055608132,0.5130251737116948,0.5130737745410563
843,0.8396641432555689,0.8443392345515667,0.7109014091162039,0.7492320055608132,0.5130251737116948,0.5130737745410563
844,0.8396641432555689,0.8443392345515667,0.7109014091162039,0.7492320055608132,0.5130251737116948,0.5130737745410563
845,0.8396641432555689,0.8443392345515667,0.7109014091162039,0.7492320055608132,0.5130251737116948,0.5130737745410563
846,0.8396641432555689,0.8443392345515667,0.7109014091162039,0.7492320055608132,0.5130251737116948,0.5130737745410563
847,0.8396641432555689,0.8443392345515667,0.7109014091162039,0.7492320055608132,0.5130251737116948,0.5130737745410563
848,0.8396641432555689,0.8443392345515667,0.7109014091162039,0.7492320055608132,0.5130251737116948,0.5130737745410563
849,0.8396641432555689,0.8443392345515667,0.7109014091162039,0.7492320055608132,0.5130251737116948,0.5130737745410563
850,0.8396641432555689,0.8443392345515667,0.7109014091162039,0.7492320055608132,0.5130251737116948,0.5130737745410563
851,0.8396641432555689,0.8443392345515667,0.7109014091162039,0.7492320055608132,0.5130251737116948,0.5130737745410563
852,0.8396641432555689,0.8443392345515667,0.7109014091162039,0.7492320055608132,0.5130251737116948,0.5130737745410563
853,0.8396641432555689,0.8443392345515667,0.7109014091162039,0.7492320055608132,0.5130251737116948,0.5130737745410563
854,0.8396641432555689,0.8443392345515667,0.7109014091162039,0.7492320055608132,0.5130251737116948,0.5130737745410563
855,0.8396641432555689,0.8443392345515667,0.7109014091162039,0.7492320055608132,0.5130251737116948,0.5130737745410563
856,0.8396641432555689,0.8443392345515667,0.7109014091162039,0.7492320055608132,0.5130251737116948,0.5130737745410563
857,0.8396641432555689,0.8443392345515667,0.7109014091162039,0.7492320055608132,0.5130251737116948,0.5130737745410563
858,0.8396641432555689,0.8443392345515667,0.7109014091162039,0.7492320055608132,0.5130251737116948,0.5130737745410563
859,0.8396641432555689,0.8443392345515667,0.7109014091162039,0.7492320055608132,0.5130251737116948,0.5130737745410563
860,0.8396641432555689,0.8443392345515667,0.7109014091162039,0.7492320055608132,0.5130251737116948,0.5130737745410563
861,0.8396641432555689,0.8443392345515667,0.7109014091162039,0.7492320055608132,0.5130251737116948,0.5130737745410563
862,0.8396641432555689,0.8443392345515667,0.7109014091162039,0.7492320055608132,0.5130251737116948,0.5130737745410563
863,0.8396641432555689,0.8443392345515667,0.7109014091162039,0.7492320055608132,0.5130251737116948,0.5130737745410563
864,0.8396641432555689,0.8443392345515667,0.7109014091162039,0.7492320055608132,0.5130251737116948,0.5130737745410563
865,0.8396641432555689,0.8443392345515667,0.7109014091162039,0.7492320055608132,0.5130251737116948,0.5130737745410563
866,0.8396641432555689,0.8443392345515667,0.7109014091162039,0.7492320055608132,0.5130251737116948,0.5130737745410563
867,0.8396641432555689,0.8443392345515667,0.7109014091162039,0.7492320055608132,0.5130251737116948,0.5130737745410563
868,0.8396641432555689,0.8443392345515667,0.7109014091162039,0.7492320055608132,0.5130251737116948,0.5130737745410563
869,0.8396641432555689,0.8443392345515667,0.7109014091162039,0.7492320055608132,0.5130251737116948,0.5130737745410563
870,0.8396641432555689,0.8443392345515667,0.7109014091162039,0.7492320055608132,0.5130251737116948,0.5130737745410563
871,0.8396641432555689,0.8443392345515667,0.7109014091162039,0.7492320055608132,0.5130251737116948,0.5130737745410563
872,0.8396641432555689,0.8443392345515667,0.7109014091162039,0.7492320055608132,0.5130251737116948,0.5130737745410563
873,0.8396641432555689,0.8443392345515667,0.7109014091162039,0.7492320055608132,0.5130251737116948,0.5130737745410563
874,0.8396641432555689,0.8443392345515667,0.7109014091162039,0.7492320055608132,0.5130251737116948,0.5130737745410563
875,0.8396641432555689,0.8443392345515667,0.7109014091162039,0.7492320055608132,0.5130251737116948,0.5130737745410563
876,0.8396641432555689,0.8443392345515667,0.7109014091162039,0.7492320055608132,0.5130251737116948,0.5130737745410563
877,0.8396641432555689,0.8443392345515667,0.7109014091162039,0.7492320055608132,0.5130251737116948,0.5130737745410563
878,0.8396641432555689,0.8443392345515667,0.7109014091162039,0.7492320055608132,0.5130251737116948,0.5130737745410563
879,0.8396641432555689,0.8443392345515667,0.7109014091162039,0.7492320055608132,0.5130251737116948,0.5130737745410563
880,0.8396641432555689,0.8443392345515667,0.7109014091162039,0.7492320055608132,0.5130251737116948,0.5130737745410563
881,0.8396641432555689,0.8443392345515667,0.7109014091162039,0.7492320055608132,0.5130251737116948,0.5130737745410563
882,0.8396641432555689,0.8443392345515667,0.7109014091162039,0.7492320055608132,0.5130251737116948,0.5130737745410563
883,0.8396641432555689,0.8443392345515667,0.7109014091162039,0.7492320055608132,0.5130251737116948,0.5130737745410563
884,0.8396641432555689,0.8443392345515667,0.7109014091162039,0.7492320055608132,0.5130251737116948,0.5130737745410563
885,0.8396641432555689,0.8443392345515667,0.7109014091162039,0.7492320055608132,0.5130251737116948,0.5130737745410563
886,0.8396641432555689,0.8443392345515667,0.7109014091162039,0.7492320055608132,0.5130251737116948,0.5130737745410563
887,0.8396641432555689,0.8443392345515667,0.7109014091162039,0.7492320055608132,0.5130251737116948,0.5130737745410563
888,0.8396641432555689,0.8443392345515667,0.7109014091162039,0.7492320055608132,0.5130251737116948,0.5130737745410563
889,0.8396641432555689,0.8443392345515667,0.7109014091162039,0.7492320055608132,0.5130251737116948,0.5130737745410563
890,0.8396641432555689,0.8443392345515667,0.7109014091162039,0.7492320055608132,0.5130251737116948,0.5130737745410563
891,0.8396641432555689,0.8443392345515667,0.7109014091162039,0.7492320055608132,0.5130251737116948,0.5130737745410563
892,0.8396641432555689,0.8443392345515667,0.7109014091162039,0.7492320055608132,0.5130251737116948,0.5130737745410563
893,0.8396641432555689,0.8443392345515667,0.7109014091162039,0.7492320055608132,0.5130251737116948,0.5130737745410563
894,0.8396641432555689,0.8443392345515667,0.7109014091162039,0.7492320055608132,0.5130251737116948,0.5130737745410563
895,0.8396641432555689,0.8443392345515667,0.7109014091162039,0.7492320055608132,0.5130251737116948,0.5130737745410563
896,0.8396641432555689,0.8443392345515667,0.7109014091162039,0.7492320055608132,0.5130251737116948,0.5130737745410563
897,0.8396641432555689,0.8443392345515667,0.7109014091162039,0.7492320055608132,0.5130251737116948,0.5130737745410563
898,0.8396641432555689,0.8443392345515667,0.7109014091162039,0.7492320055608132,0.5130251737116948,0.5130737745410563
899,0.8396641432555689,0.8443392345515667,0.7109014091162039,0.7492320055608132,0.5130251737116948,0.5130737745410563
900,0.8396641432555689,0.8443392345515667,0.7109014091162039,0.7492320055608132,0.5130251737116948,0.5130737745410563
901,0.8396641432555689,0.8443392345515667,0.7109014091162039,0.7492320055608132,0.5130251737116948,0.5130737745410563
902,0.8396641432555689,0.8443392345515667,0.7109014091162039,0.7492320055608132,0.5130251737116948,0.5130737745410563
903,0.8396641432555689,0.8443392345515667,0.7109014091162039,0.7492320055608132,0.5130251737116948,0.5130737745410563
904,0.8396641432555689,0.8443392345515667,0.7109014091162039,0.7492320055608132,0.5130251737116948,0.5130737745410563
905,0.8396641432555689,0.8443392345515667,0.7109014091162039,0.7492320055608132,0.5130251737116948,0.5130737745410563
906,0.8396641432555689,0.8443392345515667,0.7109014091162039,0.7492320055608132,0.5130251737116948,0.5130737745410563
907,0.8396641432555689,0.8443392345515667,0.7109014091162039,0.7492320055608132,0.5130251737116948,0.5130737745410563
908,0.8396641432555689,0.8443392345515667,0.7109014091162039,0.7492320055608132,0.5130251737116948,0.5130737745410563
909,0.8396641432555689,0.8443392345515667,0.7109014091162039,0.7492320055608132,0.5130251737116948,0.5130737745410563
910,0.8396641432555689,0.8443392345515667,0.7109014091162039,0.7492320055608132,0.5130251737116948,0.5130737745410563
911,0.8396641432555689,0.8443392345515667,0.7109014091162039,0.7492320055608132,0.5130251737116948,0.5130737745410563
912,0.8396641432555689,0.8443392345515667,0.7109014091162039,0.7492320055608132,0.5130251737116948,0.5130737745410563
913,0.8396641432555689,0.8443392345515667,0.7109014091162039,0.7492320055608132,0.5130251737116948,0.5130737745410563
914,0.8396641432555689,0.8443392345515667,0.7109014091162039,0.7492320055608132,0.5130251737116948,0.5130737745410563
915,0.8396641432555689,0.8443392345515667,0.7109014091162039,0.7492320055608132,0.5130251737116948,0.5130737745410563
916,0.8396641432555689,0.8443392345515667,0.7109014091162039,0.7492320055608132,0.5130251737116948,0.5130737745410563
917,0.8396641432555689,0.8443392345515667,0.7109014091162039,0.7492320055608132,0.5130251737116948,0.5130737745410563
918,0.8396641432555689,0.8443392345515667,0.7109014091162039,0.7492320055608132,0.5130251737116948,0.5130737745410563
919,0.8396641432555689,0.8443392345515667,0.7109014091162039,0.7492320055608132,0.5130251737116948,0.5130737745410563
920,0.8396641432555689,0.8443392345515667,0.7109014091162039,0.7492320055608132,0.5130251737116948,0.5130737745410563
921,0.8396641432555689,0.8443392345515667,0.7109014091162039,0.7492320055608132,0.5130251737116948,0.5130737745410563
922,0.8396641432555689,0.8443392345515667,0.7109014091162039,0.7492320055608132,0.5130251737116948,0.5130737745410563
923,0.8396641432555689,0.8443392345515667,0.7109014091162039,0.7492320055608132,0.5130251737116948,0.5130737745410563
924,0.8396641432555689,0.8443392345515667,0.7109014091162039,0.7492320055608132,0.5130251737116948,0.5130737745410563
925,0.8396641432555689,0.8443392345515667,0.7109014091162039,0.7492320055608132,0.5130251737116948,0.5130737745410563
926,0.8396641432555689,0.8443392345515667,0.7109014091162039,0.7492320055608132,0.5130251737116948,0.5130737745410563
927,0.8396641432555689,0.8443392345515667,0.7109014091162039,0.7492320055608132,0.5130251737116948,0.5130737745410563
928,0.8396641432555689,0.8443392345515667,0.7109014091162039,0.7492320055608132,0.5130251737116948,0.5130737745410563
929,0.8396641432555689,0.8443392345515667,0.7109014091162039,0.7492320055608132,0.5130251737116948,0.5130737745410563
930,0.8396641432555689,0.8443392345515667,0.7109014091162039,0.7492320055608132,0.5130251737116948,0.5130737745410563
931,0.8396641432555689,0.8443392345515667,0.7109014091162039,0.7492320055608132,0.5130251737116948,0.5130737745410563
932,0.8396641432555689,0.8443392345515667,0.7109014091162039,0.7492320055608132,0.5130251737116948,0.5130737745410563
933,0.8396641432555689,0.8443392345515667,0.7109014091162039,0.7492320055608132,0.5130251737116948,0.5130737745410563
934,0.8396641432555689,0.8443392345515667,0.7109014091162039,0.7492320055608132,0.5130251737116948,0.5130737745410563
935,0.8396641432555689,0.8443392345515667,0.7109014091162039,0.7492320055608132,0.5130251737116948,0.5130737745410563
936,0.8396641432555689,0.8443392345515667,0.7109014091162039,0.7492320055608132,0.5130251737116948,0.5130737745410563
