0,0.5,0.5,0.5,0.5,0.5,0.5
1,0.5218908319644192,0.5197294158659471,0.5085628614271362,0.5114171485695311,0.5149850074979642,0.5149850074980191
2,0.5604629474658338,0.5557158465737048,0.5096578255447362,0.5101227835528306,0.5359759184427665,0.5336150751512494
3,0.5781943227965631,0.5723392227937032,0.5145465590674041,0.5150068814232557,0.5443630391035544,0.5444744044491026
4,0.5976089099230817,0.593802005285152,0.537172717959859,0.5418867673695874,0.5677568014480375,0.5699962135365055
5,0.6212199699292335,0.6190088619786365,0.5572165183817953,0.560856814370345,0.5822131696142733,0.5840195600564898
6,0.6427288989743485,0.6419762077870921,0.5562949179818977,0.5606047446319291,0.591688993508805,0.5927717122479721
7,0.6475143317426414,0.6482599474487849,0.5654772318258845,0.5701220774231452,0.5953658050271371,0.5971934052632003
8,0.6569452349311502,0.6574252265031375,0.5826579429993592,0.5813571352707333,0.6068859157021518,0.6234443233693776
9,0.6649323178683199,0.6660930615273685,0.586793971301837,0.5855060551030519,0.6405130463753732,0.656907353536535
10,0.6748462661455322,0.6763229532074532,0.6172792223465797,0.6127179379582879,0.6594705804019365,0.6746072026850743
11,0.6842864597617612,0.686223923240067,0.6371310322086499,0.6301537286923459,0.6710884708734244,0.6893568939919327
12,0.6953234047882648,0.6958328771604176,0.6713141854412684,0.6723753473734284,0.6832634735604248,0.6933818668716144
13,0.7045501764644677,0.7034852399538281,0.6916980137597378,0.6979532209538342,0.7097659029824777,0.7223866791500811
14,0.7077374669742412,0.7069838372280884,0.7132397441785179,0.7120130510488681,0.7471576325331446,0.7497603316979369
15,0.7121828966232305,0.712198189496359,0.7248916224866707,0.7158741954734958,0.7460233228827549,0.7459994431526537
16,0.7217905626385228,0.7217405307160784,0.7434835320233417,0.7323096819070251,0.7802917624164374,0.7757777855613951
17,0.7317705616204663,0.7290930312641106,0.7559789054430451,0.734799451245342,0.805486503467528,0.7942732661013189
18,0.7355166417800522,0.7333922441909662,0.7780188061916837,0.7570473683399765,0.8018006835339664,0.7920684793146244
19,0.736796978695707,0.7346921371595677,0.7857621638310911,0.7734894326890068,0.8058687464930726,0.7919856280983294
20,0.7448426952156895,0.7435460615323906,0.7829771143054725,0.7707927054850887,0.8323245475362893,0.8184815868054668
21,0.7470570539454925,0.7463546702759108,0.7900367327938767,0.7778948471926224,0.8633430266158691,0.849635618860298
22,0.7493827835133666,0.7473375007923079,0.7980408662384412,0.8132469902776284,0.8857322214102548,0.8789662132319487
23,0.7517378963170803,0.7498758607949624,0.8352859915385049,0.8482089767898334,0.9004405872775201,0.8958752358017712
24,0.7567161945487724,0.7547143854521676,0.8539340630864869,0.871702327027043,0.9270625753274739,0.9200560727520278
25,0.7588063546485894,0.7561007200391562,0.8570874963426544,0.8809778883733804,0.9472801598482407,0.9403419768307903
26,0.7629692570090723,0.7592559355092621,0.8841475741627145,0.9051866859023012,0.9610996001848867,0.9568475261376955
27,0.7686391099075437,0.7651925353556966,0.8791276051987367,0.9025235811127332,0.967625873176249,0.9608535364387722
28,0.771687517127516,0.7688023152873031,0.9001459762773744,0.9225239431695011,0.9730990582310114,0.9657996929527934
29,0.77897977538273,0.774802181938646,0.9042549974154558,0.9201375356303647,0.9959277304089988,0.9824212269444802
30,0.7835699270431059,0.7784473176164908,0.9090308872550212,0.9267702759459188,1.011529423499941,0.996143011436323
31,0.786227559493948,0.7815687171630303,0.9303095695356598,0.945862484202363,1.0170204620397814,1.0002723462446756
32,0.7888999905525358,0.7846430929614111,0.9474163107278261,0.9590102222825735,1.0278101409597855,1.0086853170400325
33,0.7922827680722658,0.7884747973022393,0.957168940944443,0.969513722632406,1.0464603154652679,1.0283835772894645
34,0.7962655304165241,0.7929648671610027,0.9530025060106257,0.9647231070016739,1.040925957916548,1.0235288041116166
35,0.8021303048733567,0.7985293486951464,0.9593274867108883,0.968848626400933,1.0484882315460622,1.0250002059714982
36,0.8051351712101303,0.8020172339400814,0.9930082579773372,1.003385517831572,1.052685701842048,1.0297402395309996
37,0.8069318850577462,0.8023744629107388,0.9998371890062879,1.0062281004780285,1.0685762969503905,1.0419656093780167
38,0.8090353741615955,0.8046885571022941,1.017146727921671,1.0273686878715256,1.081383654922346,1.0569754391657242
39,0.810876705248974,0.8065162971814732,1.016981819144289,1.027105469321837,1.103759291337986,1.081356711793704
40,0.8155843122400849,0.8115605250927365,1.034985521275805,1.047109758744823,1.1113213502895785,1.0912318666168879
41,0.8210270401682275,0.8158385795930629,1.042666494381461,1.0674356851256508,1.1283586969999149,1.091446937725993
42,0.8188257796934936,0.814051668890619,1.057094775540184,1.0807177608570566,1.1271279042436462,1.0905700806748795
43,0.820066211608304,0.8153181796194376,1.062478511356298,1.0931721308591935,1.1259101315689428,1.089702499556102
44,0.8226068836559224,0.8183243720356342,1.085815380200134,1.1161934549084964,1.1342311271807477,1.098457269487395
45,0.8260437322968978,0.8221385058045755,1.0810118338533754,1.1095058270602052,1.1329478809851434,1.0975160204705317
46,0.830570638703718,0.8270891016775029,1.0948191632207573,1.1225302329514357,1.1318484375619993,1.096414436927072
47,0.8321785802673466,0.8290677760574373,1.1136460537429493,1.1397931351352408,1.130590488235327,1.0954945589349199
48,0.8301034034041905,0.8279328914871894,1.112562854807045,1.138460719532252,1.1268800930854816,1.0970500611126555
49,0.8332491101306981,0.831128584435781,1.141741594998566,1.164022648016688,1.1395334045864833,1.1108299628306295
50,0.8361085228468119,0.8337070354584606,1.1499056014851903,1.171974710570915,1.1418771080748529,1.1156170235682248
51,0.8377142857380699,0.8355762078347284,1.1484810805283432,1.1703404715776498,1.1454046343397135,1.1191453721978113
52,0.8409120952287568,0.8390035348713614,1.1513182953184253,1.1739698804281378,1.1440242661722,1.1180142907860307
53,0.841602861285557,0.8398824958996751,1.1688508231000423,1.1912875851040639,1.1563277438256716,1.1316770922078392
54,0.8422672860438914,0.8411922174669981,1.1699278882496293,1.1962727741123245,1.1669977777140448,1.1467013712296605
55,0.8445307807950532,0.8437492831765186,1.1813116439100755,1.20981753800952,1.1602830163660207,1.1409821652441412
56,0.8456029504497052,0.8450095768365862,1.1903445939815793,1.2254524825277906,1.1551850368438958,1.1337761732124292
57,0.8479930908490881,0.8476369575044921,1.2073768598113532,1.2422763849473708,1.1536575363778807,1.1325741632254895
58,0.8488971840754869,0.848873305888436,1.2242929471314834,1.2588631429168993,1.1566691257397497,1.136298048055134
59,0.8490926437148936,0.8490910541619353,1.2262620108678173,1.2617664017056556,1.1605357744461129,1.139096645661579
60,0.8501132877104972,0.850204308603285,1.2429664461681744,1.2781364692452368,1.1790786929961705,1.1554024766340625
61,0.8523405351793556,0.8526707160011642,1.2497459563360798,1.285270766541492,1.190991971473261,1.1685670187754489
62,0.8539105951452067,0.8543561886707794,1.2578757338329778,1.2909101161606191,1.179798044250101,1.1575838608183993
63,0.8565292474610486,0.8562092766292683,1.2580088676679466,1.2950136281394975,1.1874992769846853,1.165493672178549
64,0.8577092425818107,0.8576957762808408,1.264968781585296,1.3016264355535594,1.1959030784814513,1.1725388791612574
65,0.8585513868965389,0.8580740086164519,1.2718565199787266,1.308170666998816,1.2051127025976789,1.1692473799723033
66,0.8581971073476318,0.8579510968850864,1.2599502785457004,1.2959244776274306,1.2271845656735842,1.1904775598506463
67,0.857465377983663,0.8575736294414257,1.2626402718525218,1.2973879222888034,1.234411898530595,1.1980481748646674
68,0.861237925434825,0.861545586689956,1.265478126272553,1.2986605505457935,1.260249695024578,1.224225703255582
69,0.8644114773100084,0.8647421279272316,1.2630003480902794,1.2958730719446812,1.2570319041084856,1.2229217560211108
70,0.8658311712851672,0.8654807893670186,1.2856742042407672,1.3146080055599878,1.2890856622914815,1.2516609637082539
71,0.8665183338949884,0.8663804108355802,1.2890993998470783,1.314906028845437,1.3014228884081664,1.2529161266799675
72,0.8669909444843135,0.8673359459262451,1.2878120835466544,1.3105728880195002,1.3107290501321571,1.2570622870693688
73,0.8685607161323654,0.8688183656157843,1.2925266775618043,1.30959171064218,1.3022784750253402,1.2509386608924882
74,0.8699332015491662,0.8702412020921427,1.3040910877817282,1.3202957482028306,1.2944769946582426,1.2443158533744243
75,0.8705686301448005,0.8711017756968101,1.3150268663685012,1.322122131142289,1.3147794045323347,1.256124577082179
76,0.871112073447133,0.8718832828893671,1.3202358098310087,1.3295443116421084,1.3211301400618118,1.2630189350583936
77,0.8689954079640223,0.8697927526316295,1.3205648950567546,1.332457876736956,1.3274157272141724,1.2698425679616894
78,0.8681139881241883,0.8688583906553956,1.3187236589994082,1.3282588844579817,1.3255111233964496,1.2662227450144588
79,0.8691509491867632,0.8700330910874323,1.325463106446067,1.3340218584944885,1.326901379249975,1.268605031214804
80,0.8693463349892641,0.870400254486665,1.331689866772872,1.3401696115820878,1.3397422825277703,1.2779604013098274
81,0.8693058822083874,0.8705558488595486,1.3344864396767826,1.3403991298678615,1.3600307843529327,1.2888632319602153
82,0.8702216204036589,0.8709596825693897,1.3329494359719467,1.344931321654158,1.3567139217497366,1.2862020160169874
83,0.8708318127808088,0.8716893485256846,1.3622622882967228,1.3738041663051948,1.348862118567659,1.278933223517967
84,0.8712482079102931,0.8722145504496724,1.3710251215457359,1.385856645689794,1.3548488842180657,1.285562937261315
85,0.8703291407773208,0.8714695956895795,1.368069370236775,1.3818603449883018,1.3520417137949745,1.2824878467875418
86,0.8693411377034703,0.8703209899760067,1.3700210874575782,1.3822032582745891,1.3526582411218253,1.2852248551313092
87,0.8700500245667263,0.870778147451704,1.3737160754760536,1.3899463438836737,1.3402587328432671,1.273443493256936
88,0.8697423876109207,0.8703912766583459,1.374331000404215,1.3914957060560103,1.3320224382584176,1.2669021341883466
89,0.869762185453211,0.8706272871299008,1.3884419071772762,1.4069724905006247,1.3289849456787366,1.264460391827949
90,0.8698502245590931,0.8708100819820258,1.4044999663076538,1.429341450401293,1.332407347829657,1.258574860431828
91,0.8721717156456584,0.8730794888679256,1.414805132577766,1.4388136956427926,1.33729035922226,1.2665564310275197
92,0.871710067319986,0.8730771594742243,1.4168961741877153,1.438057804238608,1.3433349679825444,1.2732462075893776
93,0.8713098872564741,0.8730412630108081,1.4130974433455334,1.4340662499988457,1.3390970539955689,1.271865873980492
94,0.8714078960043552,0.873109695100363,1.4144054281219782,1.4341495077763327,1.3542159672106093,1.2875967810380609
95,0.8722160272458942,0.8741048128975327,1.4214679001980304,1.4375579654684918,1.3600885524199136,1.2940751830955812
96,0.873344649453574,0.8753351920260635,1.4448583237938695,1.4608714419584723,1.3749865578706446,1.3095728962513489
97,0.8740374521639973,0.8761250733260177,1.4449266761274977,1.4616586447977546,1.3856287741951592,1.3199445996693953
98,0.8740051185268216,0.8760502243456253,1.45363274584673,1.4719324963173772,1.3767394896171314,1.3133703219505612
99,0.8739596554032019,0.8760953576734578,1.4539089364395372,1.4723304931159036,1.373327199556522,1.3105319936093054
100,0.8746129514629865,0.8769007567273124,1.4769469210799022,1.495201792618476,1.3996197471507124,1.341390251411189
101,0.8752261937674625,0.8781151091054425,1.4964529813788052,1.5121048106119719,1.4132234934807588,1.3482062619137303
102,0.8749787050371178,0.878120817428301,1.521414457900032,1.532217532283542,1.4185222587382242,1.3540921519854014
103,0.8757099582790665,0.8786913743825451,1.514887631402011,1.5292392603968867,1.4273670581395093,1.3653411987884188
104,0.8762155287503353,0.8789569457461881,1.5102473338145233,1.5244696222983052,1.4272807520195019,1.367295676541755
105,0.8771298403996114,0.879919886372511,1.5146566971682112,1.5287509389011007,1.4371445677717998,1.3772878300300189
106,0.8775719519375289,0.8803191622505094,1.532845643771295,1.5461485592430995,1.4290479381296455,1.3690650074636683
107,0.8786876660655086,0.8815282658752458,1.5509760695610777,1.5632493771786702,1.432357933499135,1.3765542758383695
108,0.8779262942132919,0.8810346312361851,1.549455933894751,1.5637441937129148,1.4512718460829084,1.3952607238542096
109,0.8788629459263622,0.8817464733489453,1.5813682327229952,1.58462061995766,1.4588581528673885,1.4069852145460755
110,0.8789329107463985,0.8818615553185262,1.5761601376424923,1.579383388882097,1.4726642276073418,1.4212559847744926
111,0.8794342501549148,0.8825405358204764,1.577277708748674,1.576873798485596,1.4827346318832626,1.4389830920919207
112,0.8805230110562675,0.8833070385218066,1.5867548194403451,1.583899390245654,1.4841165569495094,1.4383010452191143
113,0.8820888324283719,0.8848659927986928,1.5952605450146746,1.5917324786733187,1.479792666725384,1.4343863565404444
114,0.882493354700832,0.8847569114915762,1.6073524131943233,1.5868947299216927,1.4956979903460481,1.4549370956642762
115,0.8820382096469975,0.8844311031989884,1.5930250179698395,1.5727496875597289,1.5091068291622136,1.4687092632955885
116,0.8813428072476781,0.883769210452944,1.587792400484017,1.5676013701333416,1.504621482355563,1.464487400069487
117,0.8822739542270569,0.8841862521060307,1.576546174680372,1.5596735320992081,1.503010984656241,1.4663727005767586
118,0.8821160123190799,0.8841028828464655,1.575841058722226,1.5591680689003204,1.507527118919375,1.4710156128216456
119,0.8825521777516487,0.8842436449388734,1.5766610265512386,1.5571494795045342,1.5000755052273456,1.4609015697998695
120,0.8831584659651851,0.8848436265877243,1.584331407150162,1.557161510548099,1.49172453264565,1.4607294403109818
121,0.883271269262586,0.8849537869637857,1.574140388331413,1.5483781748737648,1.4989077727420514,1.4716881533524795
122,0.8837007081789257,0.8855034184659829,1.5769359100240308,1.5533496658028498,1.5141426015257016,1.4832680453043559
123,0.8837141087581277,0.8855187836070055,1.5757908342570184,1.5533426735652671,1.5144823031106818,1.4829512404285607
124,0.8833021995640962,0.8852334710894877,1.5795382125103687,1.5572883543448175,1.5193121654198842,1.4869778480871851
125,0.8834508473894729,0.8852685981008739,1.5809547072596069,1.5546643693811697,1.5189660856673355,1.4784434496395162
126,0.8840931797932317,0.8859896077413413,1.575824130364059,1.5497831598941476,1.5231981581308958,1.4830503635651258
127,0.883543453884206,0.885174140435615,1.5748501651527353,1.5408435226789587,1.528009825640669,1.5046056734163935
128,0.8845798272348041,0.8863305889890669,1.5662222793350884,1.5308564060918686,1.5233641133475615,1.500165883347497
129,0.8853671364840839,0.8858310791866957,1.56818809062024,1.5280372984357204,1.52245784294216,1.509655070863668
130,0.8840807197948876,0.8845467934595285,1.5719798112666745,1.5321815813538056,1.5238560683436697,1.5079748634352472
131,0.8835459477027824,0.8841206990813605,1.5707502907553392,1.5324973796150205,1.5242448994848705,1.5073068057028518
132,0.8843695414552223,0.8848479838625349,1.5628125201748608,1.5307669385827856,1.5167146747130174,1.5057971199967048
133,0.8844711250572973,0.884714858137133,1.5612992248221986,1.53146097844064,1.5350410390778784,1.522292276411904
134,0.8849174922772554,0.8848564638786595,1.556390157569208,1.5268128735259545,1.5279079299735883,1.5201780533891947
135,0.8855057303884558,0.8846455017567961,1.5577887936237085,1.5246872793497692,1.5282500218396473,1.528152985752159
136,0.884605361015387,0.8844793853306476,1.5616932060824622,1.5375198332142748,1.52075949135051,1.5264227804201418
137,0.8847594193766273,0.8847223179843161,1.5697090722978781,1.546078263358393,1.520744364424157,1.526026491984642
138,0.8844867588100228,0.8845159698632179,1.5734573309397921,1.5500323696678278,1.5161723550617714,1.5214800941206974
139,0.8845920832267021,0.8846945421122088,1.581835153963163,1.5579844652266752,1.533331249590466,1.538802658564146
140,0.8845068147140561,0.884810168378376,1.589280780821881,1.5667104697018035,1.5488191018006459,1.5574620336988616
141,0.88508876835001,0.8851087933125751,1.5841629402245543,1.5617886498441718,1.5513773932022528,1.5539807019950904
142,0.8846358758011739,0.8851202726918728,1.5901583182280727,1.5718793899507562,1.557657225580792,1.5641391855169087
143,0.8857807092709874,0.8864017229262331,1.5800299773088848,1.5632681810632494,1.5688000915884037,1.5779432662272037
144,0.8852001089460628,0.8855387769651871,1.5836664462808887,1.567049788375299,1.5690266836922409,1.5764460413669505
145,0.8847618113005383,0.8851939741798235,1.5924616368515006,1.5742513146377892,1.5744921010590978,1.5783724754291781
146,0.8849587340025166,0.8855872036518732,1.5981688560016427,1.5843865867388391,1.5781691603454546,1.5820160021615035
147,0.883863750434259,0.8846147495035523,1.6016378400671636,1.5879745523048572,1.5825277341393817,1.584907499281286
148,0.88434209225105,0.8852221833549239,1.6043615404322409,1.592239886819598,1.5915081487096354,1.5917316934594774
149,0.8843422895203582,0.8852966003986236,1.599154548057549,1.5871373308686476,1.5906865352813633,1.5909745690014307
150,0.8859685156529649,0.8869230308476114,1.6046429198736376,1.5972596895197104,1.5805438169930548,1.5823395561466143
151,0.8859093551846269,0.8866504106236585,1.6052670344172455,1.594899520035701,1.5927489783161168,1.5945292768478905
152,0.8880196837152238,0.8885602636243715,1.612088717664704,1.6035381951583512,1.584226360725288,1.5842634305596615
153,0.8877776605485282,0.8874626855343075,1.6125243904287505,1.6012521637671457,1.5906873471432939,1.5935191776006497
154,0.8878265798210538,0.887298388410681,1.6105762677427464,1.601367639866546,1.6080388328799107,1.608879421706984
155,0.8880799746209238,0.8878142981385581,1.6024967008190671,1.5905037834480351,1.6056819951267505,1.6093785386051296
156,0.8880646988071587,0.887847085554944,1.5887863930198172,1.5768960821555467,1.6028248219729582,1.618951333501457
157,0.8875343474399312,0.8874999939882859,1.5916886140623276,1.5811248068611397,1.5930927142845324,1.6096938302112118
158,0.8870163537061637,0.8876126156776967,1.595174979940909,1.5847013717844758,1.5965670912564278,1.6130264585909628
159,0.8872137883973592,0.8878257557816486,1.5975245048615816,1.5893474717226304,1.61074555838984,1.6226500568777924
160,0.8875071710389004,0.8878213320699062,1.600953590597531,1.575804530155238,1.605580604075004,1.634384984212381
161,0.8883028331026748,0.8889046023793507,1.6176582806273532,1.5916467951026956,1.6067852310396862,1.6396504699322942
162,0.8890121271560983,0.8895181308755884,1.6092600103714467,1.5897606367059969,1.5984794296776634,1.6373560685051511
163,0.889141135196157,0.8897486676817963,1.5995711710045317,1.5807667904239244,1.6018908536227139,1.6404371936449615
164,0.8891662983181716,0.8898602764578187,1.5985837567996606,1.5802236005687502,1.6137571934597685,1.6519763744963507
165,0.8897421076649302,0.8905073703724533,1.5977936201102134,1.5794976409326247,1.6256940540506366,1.6632231868357719
166,0.889980253750141,0.8908125026488907,1.601500917508825,1.5827590669256966,1.6288645984701478,1.6660758421493025
167,0.8906290657853744,0.8909193989187122,1.6077027626419755,1.5919220067471551,1.6207134012361284,1.65480726229438
168,0.8907478555684176,0.8910624008367626,1.6066237264719874,1.591313507274132,1.6154661766963798,1.6492718239927837
169,0.8910417877890117,0.8909632615466632,1.6083007263186928,1.604855087933045,1.6203586969436548,1.6421435678527787
170,0.8915134257340045,0.8916729510051526,1.6031687071116416,1.5997521383647608,1.613036675611249,1.6388143017687216
171,0.8920917345524887,0.8924665119752527,1.5999361053240504,1.601274479489606,1.6078698702559047,1.633430237018993
172,0.8921419468284167,0.8926161198321093,1.6035525907510664,1.6043836345759337,1.5943319408166985,1.6196770946150563
173,0.8911370285594067,0.891467345430727,1.6031905432551012,1.6029966522657855,1.588314846713477,1.6154827020736493
174,0.8911365861683013,0.8915377575576018,1.5897189828565752,1.5895267211272275,1.5875371015254385,1.6145479433024634
175,0.8910381842758807,0.8916815878976752,1.6099522560752533,1.6097616083004909,1.5893296402545205,1.6110589874766492
176,0.8911839168913884,0.8919671562364552,1.617063357002485,1.617580307061461,1.5980256842010883,1.617454808128107
177,0.8914499561339503,0.8924342319073769,1.6190272454020715,1.6220284193239127,1.6013933437578263,1.6206596944122744
178,0.8922774095325544,0.8933314686945721,1.6054769195374599,1.6084529753615466,1.6061058842254552,1.622458122100442
179,0.8925845816628387,0.8936806557992628,1.5964271626884095,1.5989919337508318,1.6093992562140034,1.6256147720650151
180,0.8920706824385414,0.8933133552492463,1.5962433738715258,1.5975434450677495,1.627055796689853,1.6394060378747644
181,0.893674003460128,0.8950270915203906,1.5965145389626045,1.5956552542389495,1.646856482164395,1.6591036685699754
182,0.8917577665526832,0.8930079509787983,1.6006355611498178,1.5982683154838917,1.642222009614162,1.6528521344892226
183,0.8918910018121398,0.8932188050742141,1.6072226305177313,1.606680201085588,1.643745283856209,1.6488715767392688
184,0.8908743896440348,0.8920100166648156,1.6271290021603164,1.6265910853928298,1.6519372531194105,1.6548839391212962
185,0.8915828634713033,0.8926951168706164,1.6277143014694906,1.623897107567008,1.6697085559263383,1.6594957607574536
186,0.890595139130939,0.8916620622329473,1.6344059271567541,1.6317218906881912,1.6735523428538448,1.6612214132648004
187,0.8903773989779847,0.891432919572264,1.654027199022257,1.651365425126065,1.6894725232276127,1.6757022223952682
188,0.8909788629617307,0.8919996153985856,1.6651801276065104,1.6625404095602954,1.692728949485335,1.677706051562003
189,0.890208232222689,0.891643200023626,1.7010631815997057,1.698445314783292,1.7067705237420778,1.6937095266183197
190,0.8903767969023753,0.8913702735221009,1.6976909137772116,1.698513810604067,1.7184588797808977,1.6952485469022907
191,0.8898358335189239,0.8908634700281699,1.6836657358924163,1.684481834500418,1.7125605876087502,1.689467741321683
192,0.8905027409682734,0.8915701075747888,1.6823721149801196,1.6827371082280775,1.7023310567737613,1.6798731673754086
193,0.8912224712634907,0.8923231280908537,1.6852562177185224,1.685087565499795,1.700530214641789,1.6785228045748726
194,0.8913010915853817,0.8924402439325095,1.6871967689916856,1.6883332274258724,1.7029968211997881,1.6811706769054127
195,0.8914256117212409,0.8928011498334608,1.6874156855085247,1.693252666527673,1.6889839731293639,1.6673374219147599
196,0.8915395505671064,0.892973492763725,1.685762005249927,1.6917772063589853,1.7084332091916707,1.6860597921243439
197,0.8915422317078134,0.8929622290194733,1.6758098984478054,1.6822051838520387,1.715148221815831,1.6925290525905556
198,0.8920203719890135,0.8934431792762979,1.6897035471114532,1.6981892815090298,1.7196279739170026,1.6929085375634383
199,0.8915809566291408,0.8930826926355564,1.6838470094026754,1.6926713450212731,1.7137302636243719,1.6872298063829423
200,0.8918209514414558,0.8935080651529825,1.6851393398125587,1.6964836505835177,1.7160740419928344,1.6897905521445467
201,0.8912891227959124,0.8930364368368899,1.679772023231502,1.6905505009689186,1.714188483915646,1.6883564932510098
202,0.8919021624662551,0.8935455225505112,1.6693245260042822,1.6816302130750242,1.7230322620651586,1.6925654936963184
203,0.8916896587209902,0.8933375893232026,1.6720237579482402,1.684228996372966,1.723223391230415,1.6971447136300495
204,0.8920132381871362,0.8936086194251595,1.6828529045004794,1.6949586137985377,1.728554400769499,1.70469500779916
205,0.8924221569404802,0.8938907830121622,1.6902670968568874,1.700759536375442,1.74857332233095,1.721878997378007
206,0.8925038112325189,0.8940549605122592,1.708429484117516,1.7201064988506394,1.742481185033597,1.7160041073266106
207,0.8922996191764286,0.8939218369746662,1.7147595003115959,1.7265527939075125,1.7366559060624924,1.7099716616257958
208,0.8930590365602469,0.8946204123081846,1.7170762437216174,1.7287737513570878,1.7306727349570987,1.7042052218314103
209,0.8928184788461238,0.8943092722783845,1.7321998361018787,1.7424883627843781,1.7366960084099412,1.7108812740691905
210,0.8928072382730379,0.8945582972131727,1.7215599254241196,1.7330688407850818,1.7354292807823768,1.7085200107564376
211,0.8924686857169805,0.8942819024659926,1.7195371650315379,1.7314101353283189,1.729931216334141,1.7023253483028762
212,0.8913818454769782,0.8933665575380019,1.7202024244141443,1.7351865184568371,1.7373634903975395,1.7075755651799804
213,0.8918384759923285,0.8938827770132965,1.7143422584337236,1.7292848693750758,1.7516680543579912,1.722001444424817
214,0.8922329239320048,0.8943474427776189,1.7166485115969512,1.7314704836101882,1.7411733671421834,1.7125250008914032
215,0.892364947956331,0.8941453507511423,1.718933858772281,1.7336362854389797,1.7461365521574816,1.71196796492628
216,0.8928542338567802,0.8936254148854162,1.7131411548750315,1.7438398249373144,1.7481820195885307,1.7062313876948387
217,0.8930388207744283,0.8933287370553616,1.7259762604122142,1.759523541311799,1.7557814846645883,1.7110728123399799
218,0.8935721606015369,0.8939164351049106,1.722531705245759,1.7590640690533506,1.7599152046321354,1.711226252611377
219,0.8939318447834983,0.8942982559437653,1.7152781994018558,1.7544155942670627,1.7632931096704285,1.7120967831053577
220,0.8948360916470294,0.8952716918046022,1.7181166099011362,1.7558329907603512,1.7577210035097326,1.7058286080340235
221,0.8946682753953005,0.8950135903206562,1.71060681762768,1.7595430500291354,1.7596633946374334,1.7081870291520562
222,0.8948329044465141,0.8950659430109856,1.7171129336442583,1.7492714314870945,1.750577583838053,1.7007727891928608
223,0.8955009326959744,0.8954803995690985,1.7145188218230953,1.748133932748053,1.7397145678884838,1.6920221867995795
224,0.8948023341851494,0.8950212428770976,1.7231059825125363,1.759828172602829,1.7580045318200908,1.7022539385651883
225,0.8949953938776775,0.8952741371253089,1.729344678180251,1.765703493755777,1.7559560141002084,1.7006272177508301
226,0.8955259347816642,0.8958134938111864,1.745462323949978,1.7775454831731785,1.7512541546347435,1.6937096491099923
227,0.8951807968333056,0.8956666016190807,1.7653715141856257,1.7933143741440736,1.7532364619726097,1.6961505405710968
228,0.8954782728540285,0.8958847725321598,1.7636976130471242,1.790540441389305,1.75607857809252,1.6976919881017432
229,0.8953878434019025,0.8958821708793083,1.761361161568393,1.7884688794775594,1.7547594794527428,1.6954021199519316
230,0.8951225614757107,0.8956818568167004,1.755646637992595,1.7818694825955559,1.740817325745378,1.6819315804113595
231,0.8951505721773254,0.8950426315566653,1.7541655121275586,1.787021525535535,1.7530703254426594,1.6980726344450967
232,0.8949899612983051,0.8949005268870015,1.7574008754415344,1.787424301819638,1.7609221177498502,1.7025024439930387
233,0.8943356185653253,0.8941638271044946,1.7547258473775726,1.785783477772465,1.7515696959656049,1.6923407600803617
234,0.8942696191156735,0.8941433511375828,1.7684313234347486,1.7994550899405204,1.7417712086015593,1.6827990736095628
235,0.8941425859131731,0.8935377967081255,1.778167746384832,1.8089462480361522,1.7338456619706626,1.6794623828584005
236,0.8940675876104978,0.8932808820507729,1.7957153481310906,1.8025573469066583,1.7359476975080392,1.6740961202719415
237,0.8944167049185457,0.8936545063365308,1.7932838877344859,1.808158400741003,1.7508767286275677,1.6874915306927933
238,0.8933520769593551,0.8926193454501555,1.7949132296942871,1.8096705013889998,1.7503817069552723,1.6845313219508282
239,0.8933845704547666,0.8926849907129586,1.8044022622691787,1.819043333010335,1.761405733960845,1.6937051715079026
240,0.8936896930234168,0.8931951598403203,1.7980746099591196,1.8126005099586675,1.7554163043217508,1.688248293355162
241,0.8941218228565289,0.8935820909917376,1.7946427911930667,1.803374973166526,1.7548290285461288,1.6853490680406902
242,0.893984371442338,0.8935729309987656,1.7884043988713354,1.7970680283107767,1.7539389961140819,1.6827834551332521
243,0.894472364509613,0.894115176141043,1.7862867840000474,1.7945939497146886,1.7558687824740673,1.685271294131621
244,0.8947466499176555,0.8943977251285534,1.7974639825660437,1.802370251458108,1.755115011405861,1.682568787249844
245,0.8951853732408472,0.8948342329470589,1.7887838444176096,1.7985284144524878,1.7567757416829224,1.6774822860175607
246,0.8947811386674687,0.894157210372031,1.7851789153014617,1.7975410184868186,1.7734181013438552,1.696540477570789
247,0.8944781155169074,0.8938529284303701,1.7727425488173745,1.7898027085681387,1.7688850103209748,1.6974025309188638
248,0.8951299452232816,0.8945711192361526,1.7861644881252734,1.8032052891399144,1.7709160829570032,1.699536336523284
249,0.8954548767201395,0.8948143518527817,1.7878315069518333,1.80473946129446,1.7781658949621464,1.704210571139263
250,0.8945184905362081,0.8943218872486879,1.787466935249186,1.8082770934868657,1.772105532878786,1.6987261736971266
251,0.8946338046785074,0.8943257729255176,1.7735600426087281,1.7942082931597618,1.7816588265321263,1.7088503751810067
252,0.8945924759497644,0.894313028015361,1.764327303895017,1.7834831875979118,1.7755834244332538,1.7033408729391304
253,0.8944027184989368,0.8941091992879838,1.7692612557468217,1.7898250208628788,1.7649006184878648,1.6947756279006982
254,0.8952991007418412,0.8950644122706864,1.7732557517493845,1.7892506564667523,1.7739097358460176,1.6977146756242838
255,0.8954230296497516,0.8951545406372432,1.765730044571867,1.7769190787256928,1.767952894007548,1.6925084641237178
256,0.8955290891093055,0.8951486369878148,1.7520607872412621,1.7631632023858006,1.7774906877303285,1.7026303048413447
257,0.895792081308336,0.895419316297262,1.763354850259903,1.7710856072146535,1.7765768363203005,1.6998310531072083
258,0.8956859881445519,0.8953394506432978,1.7750556324122644,1.778433620532601,1.7749766470416246,1.6977505377467859
259,0.8960059771073451,0.8956400893886811,1.7869267849119945,1.7931634314703184,1.7873163898457898,1.704916868386685
260,0.8957192109695791,0.8953749642461586,1.8007781547657289,1.8056813302362196,1.788956290194628,1.7071921115524284
261,0.8964100303424815,0.8961382423579846,1.7985398620576134,1.8032481812461691,1.7864948829399854,1.7058317823354385
262,0.896751055173915,0.896562291626852,1.7997932681483342,1.8050590600599474,1.7956845126494567,1.7159389753752485
263,0.8965189926110441,0.8964430516943357,1.79764699987308,1.8025555750714028,1.8052593267411678,1.7254933540939417
264,0.8971082163102114,0.8968430093143033,1.804052826507099,1.8068998222706065,1.821310310991773,1.7360852712797727
265,0.8974408701199865,0.8972535502193971,1.8053178192756283,1.8086196239288783,1.830234125614937,1.7459012630837947
266,0.8981655809841492,0.8976692267742992,1.8144743309579825,1.8177508292884563,1.8436340696857707,1.7510787657916247
267,0.8982261726271507,0.8977062811664869,1.8139069984981018,1.8211341146599551,1.8564637573185698,1.7566657142689883
268,0.8985830065125519,0.898070924314727,1.8189168660756474,1.8265649238167183,1.8503888217496032,1.7504016969905185
269,0.898767579505246,0.8979173048814891,1.8211480098622062,1.8346842395792238,1.8495498607801117,1.7542911902869656
270,0.8992256411788081,0.8984233745557764,1.8268255430881928,1.8392678073304904,1.8463861527819474,1.7528453001186777
271,0.8989387562139244,0.8981422039547127,1.8399122018018665,1.8516060707012696,1.8440713092266583,1.750590305943216
272,0.8989406634130205,0.8983183587522423,1.8335132949030253,1.845118073563932,1.838672134916207,1.7438404827885312
273,0.8993754131673438,0.8987412995272763,1.8445979774874999,1.8517011602083362,1.8322890617855354,1.7381791665226076
274,0.8996806077115755,0.8989822787985082,1.8388234428514418,1.8445781884081192,1.8224828480604798,1.7284412858234464
275,0.8985214943799881,0.8982115097743286,1.8508463527473495,1.8501515139282485,1.8292305477098718,1.7327003624974529
276,0.8990801607018699,0.8987222606665418,1.8493613304541336,1.8463172737647695,1.8255550585435292,1.7321118472555581
277,0.8987514029114188,0.8984978412219161,1.8495199708237984,1.8484655554214926,1.828844011945914,1.73217601976652
278,0.8988269539365145,0.8985966341059339,1.8618143500714135,1.853604258614422,1.8409026513669098,1.7461606663378808
279,0.8984041896347583,0.8979891831837833,1.8699106209305332,1.8552263585698687,1.8367196490030566,1.7383369024462534
280,0.8990199202152295,0.8985732972197634,1.8753278293319178,1.8594443576032518,1.8308325881461514,1.7323199419685715
281,0.8997070482524839,0.8992624890272384,1.885557222685875,1.873868359455915,1.8271123032266963,1.7317882657136865
282,0.899871551948239,0.8993645200793431,1.881753391360982,1.8719440434611,1.8208736127819227,1.7262685793989079
283,0.8998808506110864,0.8993067785637295,1.888525327563444,1.8670280458252597,1.8251638278588362,1.7253907375147797
284,0.9000251964523249,0.8995777932113869,1.8981238766454633,1.8667972758595417,1.8406683653260294,1.7283248088292997
285,0.9002412081652111,0.8999806671036795,1.9122566039418687,1.87699280263477,1.843257488938578,1.7289769179841925
286,0.9003711210336558,0.9000524776535411,1.9105315944025911,1.8803011025953233,1.841870820183657,1.7260646035643181
287,0.900225546383346,0.9001973001977044,1.9230628610579863,1.8918550129469631,1.838702923190447,1.7249700855000127
288,0.9004580906392609,0.9000606231090819,1.921184222094799,1.9026189425273514,1.842367750847357,1.717079054176123
289,0.9008995670719943,0.90058376590862,1.914862533686171,1.895280122630439,1.8539164779405424,1.7313004904466833
290,0.8999089197403375,0.8997353578187737,1.915499586328957,1.8960637033208083,1.8561018894685077,1.7322187492289172
291,0.9003099717983207,0.8997367840125385,1.9143690915212503,1.8911276353013435,1.8817917315821626,1.7469820587850688
292,0.8991590835366121,0.8987229228300735,1.9110438049706127,1.888437725737775,1.8791715396101176,1.7449067659282043
293,0.8996553066806224,0.899300665906704,1.9113594236385079,1.889618019246982,1.8761688288521432,1.7432537143515998
294,0.8995329098380995,0.8991776361962446,1.9026406270194427,1.8774617894535923,1.88454447837422,1.752619948975624
295,0.899556032451146,0.8992150767658555,1.9073831419829481,1.8818017973341787,1.8819764090058662,1.750444127918306
296,0.8998707627340493,0.8995644235589608,1.9115838197652417,1.8866070097498198,1.8793424484016434,1.7483742240766693
297,0.9006152596080395,0.900270914444602,1.9145636284504632,1.8851267320222838,1.872808546990638,1.7428134742146073
298,0.9012581574583922,0.900802983219722,1.9195516984271204,1.889048576580959,1.8650449415583445,1.7385842957382338
299,0.9012440678729092,0.9009010898109705,1.9127326762828143,1.8824557532068746,1.8716296375915422,1.7423545185036298
300,0.9007430584619044,0.9002938514616184,1.9090296862137184,1.8802678425015578,1.88696673223953,1.759509828389276
301,0.8998788245027249,0.8988906859335719,1.899826351198193,1.8688282064912878,1.9001556607778782,1.7785403591570323
302,0.8998479720063416,0.8989692459466871,1.893173592465878,1.8624046288422005,1.8964790002647143,1.7845700511768052
303,0.8988804259003198,0.8981098372331093,1.8933328697111613,1.8640506486456685,1.9018812133683385,1.788909597860804
304,0.898898283824203,0.8982134475287845,1.8955318082279702,1.8710204908669696,1.8922964207765085,1.7786400980585269
305,0.8985332164639567,0.8974165306933101,1.9036731014322423,1.879342462720881,1.8835735378339358,1.7676748836056073
306,0.8993318919918379,0.8980024404552706,1.8990451297837612,1.8782044125266797,1.8844308867228352,1.7693856946763729
307,0.8998956562171314,0.898622779216353,1.8956801240380392,1.8758515773438462,1.8926375776082471,1.778438716208381
308,0.8998939408704649,0.898286423445062,1.9037959399663025,1.8841131162991036,1.8860790596721588,1.7727194631977115
309,0.8994500920555787,0.8979265384537566,1.889818636274529,1.8702803201136928,1.8942572530093416,1.7817299208931892
310,0.8992079552442412,0.8975686389611924,1.8832922885708572,1.8638972755952001,1.8876983504063296,1.7759963465825035
311,0.8993659007760839,0.8979180220973487,1.877307516336211,1.864407286214154,1.895848338934426,1.7849647911922413
312,0.8995604496070401,0.8980659202317649,1.876474803651249,1.8598107835523119,1.8875600957596217,1.7736299777597622
313,0.8995545763485723,0.8981394254953131,1.8808030525177821,1.8647234452244734,1.891807283437304,1.779172836498933
314,0.8994167601931208,0.8982045482826296,1.8870006480011385,1.8749952076599223,1.9065229640146006,1.7887762796016338
315,0.8998835736836155,0.8987195497992757,1.8843419845095157,1.8720929101745394,1.896092691728543,1.7795365578799043
316,0.8999424295108894,0.8986727045127343,1.8706040111979727,1.8584442398969936,1.9041408322805902,1.7884344619405246
317,0.8998994048648163,0.8987691780791452,1.8695614878385596,1.8541768806239762,1.8975556965296037,1.7826920512703017
318,0.8997255490523373,0.8986666016865996,1.8850626178585046,1.8697899494750012,1.8983010841382262,1.7842731899647055
319,0.8997660023720795,0.8987839666309353,1.8888375141903173,1.8750657253840568,1.9019797532955485,1.7901705662892005
320,0.8994727055374233,0.8981289339310762,1.9025891342798638,1.892074481129851,1.9058486583175875,1.7885371087571678
321,0.8990924949004881,0.8977647854703804,1.8962261945562664,1.8854185137102064,1.8992774215313695,1.7828168772275579
322,0.8997447527756485,0.8983731815071838,1.9002897009154889,1.8974313880052647,1.8980395950177034,1.7863585606050736
323,0.8997899142785772,0.8985275112895286,1.9038175297263018,1.9026077441672449,1.8971499277785673,1.7895331026814132
324,0.900315249438285,0.8991154653371607,1.901204455095619,1.8993883460498802,1.9051262935989992,1.7982878074502024
325,0.9006900470885535,0.8995599695304429,1.9124590555400722,1.9112503377715446,1.902298190209714,1.7960335515500314
326,0.8996227410915253,0.8984731536401509,1.9167553572544629,1.915444562675503,1.8922317298285125,1.7866233134450942
327,0.8995475571745417,0.8984714094629582,1.9174818516060652,1.9159280474220712,1.90034589750095,1.7952465447076928
328,0.9000301302315658,0.8990532883636974,1.9272052805922453,1.9218119323118885,1.8977828484796664,1.7927988030397934
329,0.8998683258473199,0.8989863334777286,1.9321211181151718,1.9251790620402582,1.904656530140754,1.8025446892510215
330,0.9001056119882102,0.8993756226892342,1.934485109333968,1.931030211028209,1.9015899893199744,1.7933377553281546
331,0.9002106306298177,0.8995585142093778,1.929572575655259,1.9297265689372385,1.902296775102629,1.7948220142495186
332,0.9004529799055306,0.89979187655941,1.9234146955035103,1.922544213432595,1.9029977833552876,1.7962941402865664
333,0.9002561683510081,0.8996574709747553,1.9202789088653394,1.9196164187567073,1.8967271169965636,1.7903847886249304
334,0.90062783201436,0.8992252266216071,1.9136892169313697,1.9273525462527619,1.8974666063981414,1.784725208451833
335,0.9009155461789663,0.899552371499132,1.917646294384824,1.9316859384721716,1.89486040326427,1.7824514337121027
336,0.9005232527794454,0.8992367963290441,1.9152146865680424,1.928048021907814,1.8956117551159055,1.7840060860331677
337,0.899929465981521,0.8985676384176037,1.9116159925931504,1.9256265888632937,1.88628279904832,1.7742050134571796
338,0.9003325669296116,0.8989719174470147,1.9155478704762834,1.9299874420989012,1.8870938247670372,1.7758153726615136
339,0.900446296048161,0.898861543389812,1.9135299807397683,1.9259810411324665,1.891669525082279,1.7736413851520871
340,0.9009573446761896,0.8994729729163359,1.9038608281223173,1.9154393969846575,1.885322886025625,1.768134835367965
341,0.901498719183153,0.900045730592775,1.8986221823193754,1.9077417464699566,1.8748782556705124,1.7597118182196174
342,0.9017646504638034,0.9004655511794429,1.893182829222892,1.9003496258277706,1.879790793479974,1.764498445307198
343,0.9020017911394362,0.9007756644345409,1.8972923906603867,1.9048016190993087,1.9011464099674669,1.7882453809975163
344,0.9016067404480029,0.900407544122914,1.8910354381579675,1.8982830058558942,1.894757922383128,1.782657281467611
345,0.9019302261744834,0.9004939597896151,1.898889350897678,1.9060855898460365,1.8891620228839296,1.7834555886157073
346,0.9020574743580794,0.9007712839037263,1.8986465050515862,1.9077082623393533,1.8899462154124822,1.7849876673663825
347,0.9025414077920683,0.9013354442483968,1.8886658142183057,1.8978534881468991,1.8836560281433186,1.7794393327072706
348,0.9023540527238615,0.9012152146803657,1.9035739211772404,1.9126967210434738,1.8844775316211417,1.7809967091003955
349,0.9022784765865002,0.9011372388733445,1.901702013612554,1.908810711573525,1.8756863973742566,1.7709857711648076
350,0.9018006271834701,0.9007037349224813,1.9023947078150596,1.9094533116281658,1.8765624206153602,1.7725996072512722
351,0.9016145675082725,0.9005476097786376,1.8960419956763885,1.9030509080654014,1.8876122375459603,1.7851391452625163
352,0.9013429500864112,0.9003815897694988,1.8897403104362365,1.8966999305376506,1.8915823585114273,1.7905032999909631
353,0.9015480824867836,0.9002041029514896,1.8886746741866975,1.892240217014566,1.9060602092078305,1.7923105868199427
354,0.9016342215473481,0.900420653529973,1.8894560387809078,1.8929965559562172,1.9027031172597118,1.7907659889714223
355,0.9016461150638017,0.900490947805812,1.883165961726835,1.886788548778211,1.8998527461859518,1.7887539388354363
356,0.9016858927595094,0.900578095939332,1.8699748997713486,1.8735721115922854,1.8898291962642606,1.7799445355769286
357,0.9015857432876456,0.9004676550638482,1.864376226651849,1.8669699222411882,1.8836024162719902,1.774486698219377
358,0.901378615786586,0.900117942865017,1.8701222997502251,1.8770833973809997,1.8866088873793516,1.7738704340632965
359,0.9016695110191715,0.9004627484980303,1.8705330613921676,1.8784380863119707,1.8874007818266063,1.775449664952621
360,0.9012905277134012,0.9001840614461782,1.8746280484488396,1.883071231390085,1.884401323530349,1.7738245726044435
361,0.901429753671781,0.9003954882444445,1.8799492696368372,1.886408585319413,1.901071622043953,1.7874155277556538
362,0.9013611272660466,0.9004074393145393,1.8947108090616567,1.9011251496680515,1.8969888615532002,1.779741649939282
363,0.9015129174271111,0.900612603074763,1.8919625571535983,1.8983376746142784,1.9046612573922201,1.7882296014759442
364,0.901982802268613,0.9011709303750051,1.888927702876555,1.895880802168734,1.9122726698672092,1.796650087275789
365,0.9017074023688657,0.9009667036129738,1.896640729552019,1.9035455606617793,1.9128816700548958,1.7980617355594837
366,0.9022539535881965,0.9015357372609674,1.8915973243125341,1.9030396515637347,1.9150142985640113,1.7979337226366676
367,0.902449309922569,0.901821456245054,1.9071365358141403,1.9166356007023884,1.9156030877004684,1.799333657295623
368,0.9026041093658246,0.9019021637576539,1.9035720255809725,1.9144986424407613,1.92188774408735,1.801943144492192
369,0.9028338541549881,0.9022378593550373,1.8945175648346348,1.9040682465039496,1.916813963753906,1.7950979200288057
370,0.9023462876987101,0.9017788931149201,1.8883388249207405,1.8978235367529555,1.9203547452118033,1.800454405398481
371,0.9021749042313045,0.9016755754972909,1.8923387704626724,1.9021996042946547,1.9144454885633204,1.7944893724225088
372,0.9017556564074148,0.9012979416040302,1.899939521708851,1.9098022963293304,1.9046774693635,1.7855832342309057
373,0.9010091170790119,0.9008012030576211,1.9107654856879666,1.9140598789589063,1.9138456897819338,1.7923213853161517
374,0.9015222064420146,0.9011684253407397,1.9166747435093718,1.916235551302401,1.9144384115447797,1.793750166235983
375,0.90125105307847,0.9007894578537767,1.9157263176547432,1.9183323667867516,1.9123505764795476,1.7909706971325055
376,0.9013376861565807,0.9010499916957531,1.9070396473894071,1.907560324004924,1.9084856281399503,1.7900066251986997
377,0.9018915430921944,0.9016836643300109,1.9145364381292738,1.9150535433401918,1.9127408706082214,1.7946786335677807
378,0.902379356561709,0.9022399556476618,1.918653233778566,1.9189567541207202,1.9168699700338279,1.7994066899452186
379,0.9022280430978562,0.9019288354782647,1.917785601985998,1.920936019616532,1.9064586050608838,1.7912239022143976
380,0.9025275553048705,0.9020420401320012,1.9198131225164115,1.9200114196773825,1.9097849616137836,1.7968035924196644
381,0.9026115962753392,0.9022306468556524,1.9189711143523667,1.9219477111537566,1.9200127240681275,1.8022439098821759
382,0.9025061698634965,0.902165070826339,1.9127424497102121,1.915612195878305,1.9137769504911892,1.7967253671289014
383,0.9028929254977791,0.9025969789698232,1.9275556606044477,1.929241801122912,1.9238644992604663,1.8090660378799557
384,0.9023736380598819,0.9022766055456471,1.9231386765549423,1.9210115541215198,1.946163590411369,1.8226426121319668
385,0.9028067214577704,0.9023768339690098,1.921532666063921,1.9236780453594267,1.9533344269649704,1.8306539479681165
386,0.9020675645953719,0.90154252151605,1.9234655883156915,1.9227973350683105,1.9509525553693938,1.827706497666138
387,0.9017991376384623,0.9011696474825907,1.9224733125342301,1.9248336256466716,1.948646183801418,1.8247250649451092
388,0.9016876767911964,0.9012701306777408,1.9186242672815614,1.922934436045388,1.9398013234337248,1.8147550324367685
389,0.901741093989413,0.9008023461282988,1.9215775739515226,1.9346096257411143,1.9501613027324092,1.8128358515280611
390,0.9018501276520748,0.9008924592214583,1.9182611314815574,1.9321291939169871,1.9543461459550944,1.8170262211101933
391,0.9022050534910215,0.9013518419586154,1.9216034271627103,1.9365626299467467,1.9490760791748756,1.8103150767100193
392,0.9022401680261357,0.901430694651226,1.9086190737513633,1.9234771965867723,1.9390983761276956,1.8016474606871422
393,0.902211214144547,0.9015145380128625,1.9232996185779871,1.936931200107081,1.946822889425354,1.8091735624720204
394,0.9025663975987567,0.9019216923640592,1.9136776653690957,1.92726507077233,1.95392503198991,1.817203948856274
395,0.9020241213398678,0.9012556821699075,1.9007856009219402,1.914281470687121,1.953207030434414,1.8194638087834343
396,0.9016012153308721,0.9008359132439927,1.8987141733552808,1.9175975092448443,1.9427420630348102,1.8112685157787982
397,0.9013894339977245,0.9006877754958248,1.9042899025809632,1.9199801193344799,1.9478062611879376,1.8213048687164168
398,0.9015576278265498,0.9006848752442617,1.9049327509619651,1.9070843419342505,1.9548749006251724,1.8292217163351496
399,0.9017920431856798,0.9010102825135322,1.908569384620184,1.911418963116366,1.955890110836976,1.8296551987744327
400,0.9015586614405401,0.900694786106771,1.903594202992765,1.9108975984737508,1.9617738476368438,1.8319121952142599
401,0.9014476705374904,0.9005747956526824,1.8938458828327331,1.9017986725673544,1.9650289286717,1.8367351963297605
402,0.9011045162326891,0.9003315458264747,1.8855222465824544,1.8914199850240658,1.9609170503465263,1.8354834270328217
403,0.9013551489494088,0.9006365789912999,1.8829255056447298,1.8888243270232095,1.954481626022444,1.8299132896142716
404,0.9014681584923558,0.9005861062096377,1.883707146623798,1.8895665848681202,1.9491804310335024,1.8233010768487425
405,0.9020960187978208,0.9000972821250907,1.8844827929885029,1.890303150138489,1.9579917231665787,1.8226770484070915
406,0.9025902275508985,0.9006618834988102,1.8803340470232437,1.8892894185889142,1.960016281399926,1.8287770181235599
407,0.902879526640105,0.9011195401347509,1.8770931613158115,1.8874073504103017,1.97097630777406,1.8391922025897212
408,0.9030676223930305,0.9010884122226318,1.8770549930597797,1.8956613293113138,1.9598011702922096,1.831680313018338
409,0.9031926406543138,0.9013348869813059,1.875798420286192,1.8917846375799134,1.9650612456751448,1.8278054558187977
410,0.9032259839822018,0.9011854360880606,1.8832591868819992,1.8991393116046635,1.9652931168056162,1.8289482253419773
411,0.9031706589551864,0.9011613042635533,1.880363842613445,1.8968474560752104,1.9780741856468431,1.844050786776981
412,0.903429785961636,0.9014926047845152,1.8778301487505904,1.8942334908306302,1.9848426483985475,1.8517069190349906
413,0.9029203743169592,0.9012034400925817,1.8798328953684504,1.9003555359667903,1.9835336611285144,1.854097396168435
414,0.9033587446836134,0.901716066160664,1.8706199105838826,1.891191448773247,1.9770324942724342,1.8484518042550242
415,0.9032001973328937,0.9016143546817167,1.8732715803132105,1.890112634582148,1.9855848816549777,1.8542586199595588
416,0.9034363533236003,0.9019373432066078,1.8770655982329287,1.8944763270184608,1.979310096518139,1.848396320508457
417,0.9029748080726979,0.9015102194127904,1.8712855524589405,1.888581540899461,1.982293583162062,1.8531384938194913
418,0.9033916213881026,0.9018971040494007,1.8865586580490938,1.901223868801648,1.9853873532355244,1.8577117990755339
419,0.9031163348534932,0.9017607765381591,1.8807277245615948,1.8952964816077846,1.9840675880500886,1.8600635077186305
420,0.9034662596580566,0.9021685083129077,1.87474630744142,1.8896085881621778,1.9873601937478442,1.8643655018973577
421,0.9039056909796882,0.9026809342128412,1.8722386853770612,1.8870990603521582,2.0005709622131045,1.878383595345183
422,0.9037800046188602,0.9026997630860022,1.8730764598062204,1.887839390244224,1.9986705126305486,1.8745204407034821
423,0.9034277502665368,0.9022426312402237,1.871708843018938,1.884222409881865,2.003030942369873,1.8775414962648374
424,0.9030963664461436,0.902082719042427,1.859459933350422,1.8718916084433193,2.007112531725878,1.8807857082110775
425,0.903328448614168,0.9023043410261753,1.866916439693477,1.8792668402508312,2.010941674933532,1.884227150290613
426,0.903691669468736,0.9027371364194459,1.866008479211688,1.8818325192103382,2.017401376487646,1.8915144451130106
427,0.9037076620658561,0.9028695313877465,1.863942518638309,1.8790190898403962,2.01793206155156,1.8915780511149987
428,0.9039666873926453,0.903153423018862,1.8574895293051836,1.8741112564538975,2.017815178327458,1.8922847577539783
429,0.9041764952708058,0.9033346914601761,1.8547093687600194,1.872127525840625,2.011187573733067,1.886474556957294
430,0.9035460554033774,0.9027822177214038,1.864448982615931,1.8771750447232312,2.0090069491441804,1.8828158077461594
431,0.9030332138531919,0.9021438910595309,1.852332694765552,1.8649760554242572,2.007897086777027,1.8846286695670913
432,0.9023316587041003,0.9012936532301671,1.8425353890759817,1.857132337914109,2.0119171582738793,1.8813063309375746
433,0.9019880699926678,0.9007487689427094,1.8490373628252657,1.8655494104678068,2.012844752720154,1.8810712467597057
434,0.9019750379497451,0.9005821215462101,1.8457208903913138,1.8642359876215153,2.008392440609327,1.8732526450074025
435,0.9022481687914079,0.9008969278504246,1.8437066988690893,1.8616548791208722,2.0157049165692826,1.8796515319315612
436,0.9025338107868236,0.9012871792717014,1.8429867940884928,1.8578137909062475,2.0176067840076084,1.8784263082463026
437,0.902187631562799,0.9009779088309929,1.8375413402281167,1.8522725588822926,2.014132787272228,1.876112187189738
438,0.9021967882097197,0.9010362463274931,1.8391411871179442,1.8526744228763454,2.015144503295794,1.8758087486439503
439,0.9027420165775958,0.9013159249617626,1.8356660199332377,1.8516895877929398,2.019559062627573,1.878544000534025
440,0.9025597147904281,0.9010769394882886,1.8277753560516465,1.842272702796754,2.0247878124984764,1.8804118682591604
441,0.9029754326537553,0.9014874926090946,1.8369590808523018,1.8480797188521232,2.021821795222089,1.8775538968096346
442,0.9027566168556312,0.9011874689222239,1.8324392129422624,1.8481965023743334,2.027249348536354,1.879200602222571
443,0.9030114656241486,0.9014882796624175,1.8330268056303767,1.8496595707750358,2.0270743785055174,1.8799762638618185
444,0.9031218295893412,0.9016663173334007,1.8382271176252705,1.852909370159349,2.0415738333196973,1.8917316638688264
445,0.9030358097136837,0.9015963403087143,1.8331441861305984,1.847155088499457,2.031839369644501,1.8826687938278481
446,0.9032478917566773,0.901818392450017,1.8342123699737316,1.8481335768193055,2.032616945739875,1.8888403826727993
447,0.903019024027245,0.9016623984185554,1.8364437466800603,1.8479337372596498,2.0248418149514786,1.8843269501701922
448,0.9030250623042003,0.9017465877618878,1.839639722386003,1.8531433354329947,2.02461912484511,1.878740918450443
449,0.9029699062989235,0.9017450338431078,1.8343544860451144,1.847624111391393,2.024461989317429,1.8795148740595613
450,0.9027574329168142,0.9015987225910358,1.848163251506425,1.8613482659858809,2.0211762984010453,1.8770365540109055
451,0.9025869550632053,0.9013980388864762,1.8463375059029772,1.865024396620485,2.0128830105822475,1.8668684913787743
452,0.9023496577415822,0.9008372151533202,1.8440300456051588,1.8691686174870104,2.0000739456127192,1.8549885958906014
453,0.9018390700689733,0.9004069778139197,1.8415834461923786,1.8670812836697328,2.0096957602073617,1.8653597190108324
454,0.9020130021862989,0.9006589959267166,1.8428441839058505,1.867670765952762,2.0096341841084278,1.8662147961873885
455,0.9022371371892896,0.9009360573844332,1.8364811879776526,1.8631814345401312,2.0179487161634806,1.8713768971130007
456,0.9014455953033239,0.9003543643574914,1.8388324088927777,1.862733793481467,2.0153232935604963,1.868365650922177
457,0.9016391810396556,0.9006312252850047,1.8380615139482939,1.8653943125606198,2.0152262694782213,1.8691991337413074
458,0.9009489562024069,0.8997157915461084,1.8410016508950724,1.8643299582990993,2.0148409174247446,1.863990075228906
459,0.9009854436303579,0.8998732279885903,1.8391872750749823,1.8616872361535965,2.0154280665996045,1.8641686114835612
460,0.9006429942446388,0.899615535891062,1.8465152959623974,1.8688732184664771,2.014734243551402,1.8593096845566024
461,0.9009910324992283,0.8998603847415895,1.8433138371005189,1.867563060508312,2.022875339388431,1.8582694608332864
462,0.900825456535832,0.8996231232437021,1.840851854296449,1.8655463600479605,2.0255823024054314,1.8626115355264916
463,0.900872706727215,0.8996918990982813,1.8388841881460538,1.8630680078811024,2.0220966959178353,1.8605069156575331
464,0.9002091232986864,0.8988125561721187,1.8493540236741057,1.8670474594086635,2.0266861589587655,1.8629432338665608
465,0.9001385979536736,0.8988101770332689,1.8477366058434652,1.8641649080299616,2.022800860866721,1.8612404574361834
466,0.8995727514469366,0.8983211393749618,1.8520787935148562,1.8679056321847187,2.025047758138541,1.8659962821789717
467,0.8996699043703589,0.898551240143045,1.8593570659093732,1.8811891243879166,2.029938652611972,1.874326012732396
468,0.9000459402845915,0.898890288199079,1.852020796555637,1.8776251618940287,2.0215341100608,1.8708050307170834
469,0.8998696912193357,0.8989134214414047,1.8527034214750733,1.872377670599146,2.0151431108969096,1.8653570342494044
470,0.9001192839866548,0.8991862524984042,1.8565195165813264,1.8765298475861945,2.0121529779609464,1.862844021305971
471,0.8998785126553828,0.8987981064165508,1.851171600765075,1.8710569917497826,2.0200836277933245,1.8619376379679284
472,0.9003554625746533,0.8993130909374256,1.8686326980658174,1.8865161790069978,2.0102890737292256,1.853755483143805
473,0.9002890592966615,0.8993015138455164,1.8662107945966784,1.8842325227409356,2.001002850668351,1.8451949834207464
474,0.900689866872321,0.8997323635894161,1.8624726745382052,1.8832990787225725,2.0045952878805213,1.848785048371655
475,0.9006739812087164,0.8997054966313954,1.8607849674462884,1.8803489427256233,2.000890828884781,1.847182462581466
476,0.9006859620256513,0.8996911640312706,1.8625163386624148,1.8802258119935207,1.9946726596855808,1.8419192273361118
477,0.9007220267861578,0.8997719594142117,1.853676412631008,1.8720431137690992,1.9927532213499115,1.8386464207996966
478,0.9009444833601693,0.8999025730653418,1.8607838733219362,1.8790366968361178,1.987913178878371,1.8383316009592556
479,0.9012731394508449,0.9002739098163195,1.8556662844837772,1.8733777938335212,1.9911921213026988,1.842322927532825
480,0.9009828033145618,0.9002413205175267,1.8565593975441683,1.874161311015618,1.9977710842966383,1.8429619796846124
481,0.9011653821451513,0.9003214445629629,1.8548943323527165,1.8713093171403627,1.9988629825014401,1.842854613803779
482,0.9010697685762942,0.9000969266493054,1.8607643164295162,1.8733056249989843,2.0000715864364302,1.8487989487746244
483,0.9011899636293911,0.9002067751536358,1.8591754708974513,1.870365774137956,1.9926282125961527,1.8448360893651887
484,0.9008598518940458,0.8998198935006511,1.860043391061841,1.8711647269861407,1.9901691657705707,1.8421337331364824
485,0.9006677320364287,0.8998926623659005,1.856321310277352,1.8642278079176522,1.9856459042389407,1.83537555708333
486,0.9006803510259127,0.8998752311591728,1.8497400974081202,1.8602262361749733,1.9881525345683555,1.840120609257453
487,0.900237508890461,0.8994530613053129,1.8445187246438355,1.8549404295449374,1.985284181403393,1.8378994970108715
488,0.9003654538061372,0.8996804323990072,1.845473150919653,1.8558308818857994,1.9929224660874127,1.843623789753353
489,0.9003600884884251,0.8994079398987671,1.8525531635989176,1.8628473768853955,1.986835111111036,1.8384519929749368
490,0.900182382287923,0.8993125297671309,1.850072667444599,1.8609451405045692,1.98819841237763,1.8381590290230774
491,0.9002574742087872,0.8993575989879337,1.8454494378789437,1.855096700276906,1.9882706397554453,1.8391495185435145
492,0.9004439510855795,0.8997244221754773,1.8341663163555109,1.843754595162934,1.9846957808224859,1.83766551105326
493,0.9002497492574192,0.8994475306665076,1.8299100533767414,1.843870176402977,1.9900584182966612,1.839495787989448
494,0.9004587443610859,0.899670142923423,1.8235122348029735,1.8400549096634577,1.9914529468288755,1.8391412869360624
495,0.9010691907306955,0.9003438907154041,1.8123966347286256,1.8288384702558718,1.9909953749468148,1.8406315070843746
496,0.9007191826123209,0.9001004983598243,1.8037529741969993,1.8213980221475907,1.9995329658280074,1.8513880931376776
497,0.9008724638734852,0.9002181793035519,1.7988633189960006,1.8164010227708898,2.0056193434653133,1.858375712243086
498,0.9010908009891808,0.9001055765291739,1.8079772462015673,1.8278576550880739,2.0049499824375294,1.8659490857800443
499,0.901462213471177,0.9005395887493655,1.7970003384616113,1.8167600459318594,1.9989141346550976,1.8606260038493176
500,0.9016080265526439,0.9004584277992257,1.803830873974911,1.8122721721071695,2.006618860579121,1.8719691298466032
501,0.9018027627602127,0.9006402165366052,1.8017365536261958,1.810633373572039,1.9977432236531634,1.8634026988357044
502,0.9013850781576795,0.9003017975528739,1.8057633320649324,1.8089529928796928,2.0021968046497363,1.8658428157961178
503,0.9013654574233922,0.9000393531693958,1.8033518442933183,1.8016000682940327,1.9979294141732367,1.864861050946975
504,0.9015602059666576,0.9002238672339242,1.8012704437456981,1.8000268975759466,1.9891291056268379,1.8563669736820825
505,0.9016608504980377,0.9002267506883277,1.7903996761891732,1.7891636348898892,1.9946556909515871,1.8578078838872276
506,0.9017536376079673,0.9002058880080428,1.787712802832929,1.7883563072992714,1.9967663769534427,1.862615722206545
507,0.9016972675490753,0.9001358404413096,1.7924596238970207,1.792185818716691,1.9951445049363372,1.8590615378128372
508,0.9014519439857915,0.899867196286691,1.7949673430995015,1.792177278630916,2.0046897690092607,1.8744614236025403
509,0.9009020374460294,0.899363798736156,1.7961997869671613,1.7934264934749495,1.9986506152303725,1.8692050676867744
510,0.9005539828962196,0.8990549749360065,1.8034728420266615,1.8006276260342475,1.9896734285453235,1.8609609077891893
511,0.9002334000127108,0.898719140200284,1.8106507532082456,1.8078226055352176,1.981133285737503,1.8524002284500547
512,0.9002278649660154,0.8988050716145786,1.8177784731470414,1.8149672744438918,1.9804794757362114,1.8600446229674503
513,0.9008124741615837,0.8989186250427124,1.8208735412685098,1.8140709457486324,1.974609376572626,1.8548955634033666
514,0.9009259879759383,0.8991158436415739,1.8159639098008966,1.8092020004955782,1.976847395016215,1.859658257116365
515,0.9007237949097171,0.8987359974844329,1.8093715398058348,1.8060839945130855,1.9714227578223749,1.8600847680646977
516,0.9009637469478569,0.8989218068651399,1.8250657663798875,1.8165612626079994,1.9706504168524426,1.8678318802557548
517,0.9002265956952668,0.8982301301182499,1.8203404978854183,1.8114973977009807,1.9887146340379116,1.8865092113538957
518,0.900552808035748,0.8986088246890497,1.8334129802421013,1.824446527840129,1.988781862179386,1.8871852882149196
519,0.9007582557135223,0.898714652775143,1.8412809739034046,1.824565818477893,1.9940499988810305,1.8826552900600197
520,0.900626349092821,0.8985798495485542,1.834170836415477,1.8217721544874115,1.9921670447363904,1.879326051116764
521,0.9007325540934975,0.8987110734532627,1.8470342659635108,1.8347092230713173,1.9873365982371718,1.8730412074569487
522,0.9006629808862966,0.8986310498642103,1.8617802302673838,1.8515182134575114,1.9814784073889147,1.8678611685312094
523,0.9003925233524782,0.898593499753783,1.862599513659161,1.8523983238927337,1.9875546232986987,1.868605373295315
524,0.9001182690985663,0.8985655029318074,1.8651395846497736,1.8574673574275538,1.9893547760868215,1.8735784372383655
525,0.8999956393190577,0.8978419377091086,1.8669506607014155,1.8513816612467662,1.9835021948362914,1.8684107371309733
526,0.9002086865687801,0.8975657652295179,1.8559176524445546,1.8404406601881405,1.9755323149412072,1.8595268353013592
527,0.900345106971793,0.8977478261142064,1.8605877292554502,1.8434669375995683,1.9783394375922518,1.8635972139719346
528,0.9001741884045005,0.8976347166095922,1.870843849406748,1.852649754499177,1.9698161507588998,1.855359231400461
529,0.9006253661992977,0.8981455635450722,1.871368119898421,1.8537546427408176,1.9669296679882673,1.8533838314105118
530,0.9005386470216826,0.8978215120943217,1.8625963353381367,1.8464862192903708,1.9685240089139322,1.852847134157227
531,0.9009630081689115,0.8982764845353449,1.8789314984195198,1.8495021990188496,1.9858349915709526,1.8601071852930984
532,0.901490332713236,0.8988129321360148,1.8831862942808573,1.846842662199631,1.9915130489708857,1.861208397553368
533,0.9002430145043818,0.8974914375764285,1.8806505275925958,1.845094313812993,1.9921369926462416,1.8614487460384066
534,0.9000485498094608,0.8972553058749493,1.8839139111032206,1.849301318098188,1.9954819515035553,1.864824701001941
535,0.900056601980552,0.8970327451004165,1.8860314794265653,1.8428895333467454,1.99698141404308,1.8700000724005148
536,0.9000031419638406,0.8970219721785921,1.8749966126351647,1.8321070831418682,2.0035848123972535,1.8758766222468144
537,0.8998227382612527,0.8968892183516451,1.890428833819407,1.847611794390668,2.0065754542402816,1.8794355184813367
538,0.8995196543773853,0.8965378869147232,1.8910686362014422,1.8485016118521544,2.0041868092156756,1.8766506132863343
539,0.8997639422866994,0.8968431772644223,1.8916807732413925,1.8494086430492396,2.007044102169878,1.8803217458561294
540,0.8995451500238372,0.8960260687636745,1.8891109256447565,1.8534872875476534,2.0160316113088843,1.8836455753168075
541,0.8993197634640508,0.8959715197432497,1.8905889323430265,1.853507786008922,2.0184307542759203,1.8876473104617175
542,0.8997684887370382,0.8964801162839496,1.8943962242291015,1.8570046256670634,2.006691885560857,1.8766690572266724
543,0.9001856323385021,0.8964640203034016,1.8950097849409255,1.8578354325489461,2.0123175857101945,1.8775310593379073
544,0.9003327020178324,0.8968278804183148,1.9002094871443858,1.8598744900189008,2.015710936789287,1.880581270014188
545,0.9007297571621526,0.8973072157603158,1.8891912785669347,1.8490901606080923,2.0170290713924337,1.8798644765285746
546,0.9006289485107165,0.8973126562729904,1.8782479070116564,1.838379079683511,2.0169304284765364,1.880560376300683
547,0.9006245507968654,0.8974382887780172,1.8731656334040372,1.8335275203050734,2.0118052416280343,1.8747051015268708
548,0.9005755725755678,0.8974169975508445,1.882453777151014,1.8432781436450318,2.003182086946454,1.8666411997181676
549,0.9003740585681058,0.8971192656400905,1.8900559788283036,1.8488104552865041,1.9985365090039224,1.860488042416161
550,0.9004800135663151,0.8972889592878268,1.8877960780094267,1.8468074676147903,1.9985449526124492,1.861292956390899
551,0.9005665618005559,0.8974085740288371,1.8922348291729743,1.849662121842016,1.9959748640836117,1.858907170087758
552,0.9008293087683381,0.8976634085140108,1.8967658334163906,1.8581332086542768,2.00175602541349,1.8654775631752067
553,0.9009332361049632,0.8978635657154069,1.8962903368790571,1.8600185787322225,2.0004737991765578,1.8617712748815929
554,0.9010292430348245,0.8980317297182769,1.8911398347475117,1.8550765110330965,2.0143716310171875,1.8773973780970574
555,0.900774799856803,0.8978203266025788,1.8831267331782406,1.8473243463287985,2.0086023121851353,1.8723065758018742
556,0.9011449445080904,0.8982595271721332,1.8925541482475148,1.8566477444865626,2.007934291947026,1.8736575817522816
557,0.9008254229989887,0.898186240279741,1.887440480036847,1.8517397931344544,2.024514446229148,1.8864020807431057
558,0.9011100798753594,0.8985247429238565,1.8912414051277318,1.855155202848566,2.0218072986245583,1.8838955736925835
559,0.9010474448256706,0.8984816825190617,1.8918632656290315,1.8559833972388395,2.024111302540051,1.887848548006636
560,0.9009860038123412,0.8983082406750732,1.8981422944722801,1.8511446911120872,2.0182418373327677,1.882665916070305
561,0.901008145464394,0.898327162300042,1.8971548283434136,1.8535628213238906,2.026981533945272,1.8859044404168437
562,0.9013536710740394,0.8986697744737059,1.89125728150302,1.8551807686693698,2.0268277222971998,1.8865548638343461
563,0.9009743250326356,0.8983285131204718,1.886105431499646,1.8503866888266671,2.0238655277164037,1.8843153628134026
564,0.9005827023804922,0.898004167855769,1.892442698403225,1.85692716994116,2.0211758192649207,1.881838168702909
565,0.9005810686375668,0.898084950847896,1.9037737288482308,1.8697550271505528,2.0156956055435686,1.8765024093294307
566,0.9005662683913642,0.8981759427164494,1.900484896715906,1.868651824341762,2.0080858429957726,1.8676905008799463
567,0.9012621967842614,0.8987110447966172,1.8997753910240571,1.876343088881665,2.0135201149257353,1.8629608560398654
568,0.901227798420074,0.8987101324538291,1.897247821086558,1.8744727243018222,2.024252230160034,1.8755949756527397
569,0.9017736394131675,0.8993136704189177,1.8998366008434695,1.8731762145561552,2.0299560596418518,1.8761190148423892
570,0.9015015653565696,0.8989686705164154,1.9070081643740937,1.8729435756840296,2.029225515411473,1.871725474032939
571,0.9010768721430089,0.89874739056336,1.918832735149431,1.8849605978263728,2.029252745270638,1.8666082296986615
572,0.9011220011968667,0.8988110809991537,1.9282880773217035,1.887900547651424,2.0369946964281804,1.8763859000745866
573,0.9010089608827729,0.8988174847425014,1.9360816354875243,1.8980583178845736,2.032899085047663,1.8753322404364283
574,0.901012344049846,0.8984111217496393,1.9406285801926948,1.9000782880577685,2.0285268619726082,1.8745886884048828
575,0.9008874827483424,0.8983602206827425,1.9434948139338397,1.903735453212723,2.0345561415650915,1.880358679703682
576,0.9012775900579172,0.8988018099797116,1.9412726129879398,1.9011950132184376,2.039983311277904,1.8866526587990342
577,0.9007565486909905,0.8983915271213211,1.947218220428023,1.907365688677251,2.0366953379064365,1.8847368244806992
578,0.9008232333998973,0.8984746924516174,1.9431581059980603,1.901021229742099,2.032133239592794,1.8785193178374044
579,0.900700611722635,0.8983110908577224,1.9370309806133266,1.902417079904768,2.0319531461057188,1.879200166701078
580,0.9010447287921034,0.898617613718008,1.9343392938785644,1.900408710660524,2.0312847263140883,1.8803660380170533
581,0.9009690224272365,0.8986273220370925,1.937096363569431,1.9041693468927514,2.0228552874371,1.8725094859611056
582,0.9006169077221916,0.8983447204799668,1.9341905696235056,1.9023743189190778,2.0203970665341977,1.8699645903690618
583,0.9003334740154947,0.8981432946978932,1.937598383648974,1.905461046200105,2.030948937759531,1.8823535911452332
584,0.9002932974815135,0.8981983190027684,1.9388624282237126,1.9050722015036627,2.0349387436829773,1.884423897616771
585,0.9004778409673542,0.8984421216240727,1.9428303460966159,1.9075447915749293,2.0386315813765843,1.8923224126115383
586,0.9001140473990306,0.8981120659743829,1.9375830329092862,1.9024938598005765,2.0408840071125223,1.8960197520994637
587,0.9003490986432727,0.8984127259859118,1.932141717484886,1.8977044808576098,2.049339218858753,1.9045951337933602
588,0.9004158556111556,0.8985279896914943,1.9353879368684075,1.9009577292152424,2.046564357612365,1.90207149023169
589,0.9003968845129157,0.898515573884274,1.9357464575050118,1.901507296838554,2.0521151214184092,1.8968057372372482
590,0.8997464646960899,0.8978519556686035,1.938300768528424,1.9053984055070416,2.0529732337163518,1.8962307705565857
591,0.8998618167889924,0.8977107959108324,1.9529056440549388,1.913810011500896,2.052301818708689,1.8916457478475825
592,0.8999094504498797,0.8976791983053094,1.9421017845659314,1.9032224367679051,2.05754467210503,1.8977773823383512
593,0.9001064894773957,0.8979061714556085,1.9392530088291524,1.9013993862244591,2.056415789862243,1.8991531847511256
594,0.9001468843676391,0.8978394858193556,1.9340672576745204,1.8964226303727796,2.0559346165588055,1.8943585241026348
595,0.8997325562685299,0.8973295464709621,1.937957682457696,1.898982785571174,2.060690769867402,1.895392160881497
596,0.8995469366571407,0.897195669717595,1.949301878257976,1.9105775173431794,2.049336131300299,1.8849483362939219
597,0.8999097657561945,0.8976165764436306,1.949580951414272,1.911069752826889,2.0517194126023797,1.888431398499702
598,0.8995876795399456,0.8972665440156121,1.9466930101154645,1.9147239903364865,2.0510593510588526,1.8839214733547756
599,0.8993636959111143,0.8971352119464866,1.9460507648018648,1.9161275562172875,2.0526490369958217,1.882688977230931
600,0.8992344060318417,0.897061017107536,1.9489053283161988,1.9195174904752006,2.0472431467300276,1.8774735501638908
601,0.8994084490967063,0.8972866430685627,1.949173468238877,1.9199707396834935,2.0634440162605823,1.8945812171301468
602,0.8997861301286744,0.8977243676155017,1.9469670331308213,1.9174167406395564,2.0745583376842167,1.9056054022340485
603,0.9001087764857819,0.8981050709083261,1.9500260956787385,1.9205714029183345,2.0742164684818944,1.9060558090381516
604,0.9001264313141373,0.8981664898976837,1.9557654711633807,1.9264717838725802,2.071086072488593,1.9038278331188578
605,0.8996201329190919,0.8973503900447528,1.9658097517012434,1.9279920641018693,2.0755992531701644,1.9049123854503878
606,0.899848621402085,0.8976481738847266,1.9602312849373116,1.9232392998568084,2.0838343141370865,1.9131494978287007
607,0.9001430999074677,0.8979493628735377,1.96298177281165,1.9265737116076527,2.0833774310673503,1.9136228186216075
608,0.8996906891394765,0.8977667569239292,1.9632394896986056,1.9214729107770312,2.084775737859536,1.912240843629767
609,0.899925354976964,0.8981274409819225,1.9556483087970562,1.9133742998307302,2.0796102985407976,1.906544619763258
610,0.9000348541128449,0.8983344467926219,1.9553037737611287,1.9144305016609693,2.0791777352918035,1.9070524103839712
611,0.8998222278557553,0.8979508883962952,1.9543911724326404,1.9106221175919902,2.073319874478957,1.902128859242926
612,0.8997981781829613,0.8980290904787918,1.9702706806444552,1.9225878580706632,2.082301598708925,1.9095482255998826
613,0.8999821910847605,0.8982922978107033,1.9704317312821773,1.9230072176488642,2.079836911008309,1.9066398321068454
614,0.9001072133063021,0.8984415550233048,1.966576018115167,1.9220278017710455,2.0876088678487275,1.9205883706619977
615,0.9001339157186213,0.8985568738942351,1.9642721207108786,1.9195275435277481,2.0846505298992404,1.918095792280281
616,0.9003818007845547,0.8988898063584272,1.9536630766814758,1.9091601651944614,2.0798044497833756,1.912125029002758
617,0.9004554202124504,0.8990236390604678,1.9459938209541388,1.9013827519676492,2.0739782493994174,1.9072035608653934
618,0.8999236956916035,0.8986529152036039,1.9429541849768461,1.8998548468522385,2.0702487499601996,1.9056442803441918
619,0.900326121779444,0.8987244749238233,1.935639993841398,1.8972458310584908,2.074343565512217,1.9016792766416901
620,0.9004729161596751,0.8989196579892723,1.9306124570693235,1.8924134604880547,2.065877315138267,1.8941361776747256
621,0.9007234778764075,0.8989369227573875,1.93822345488083,1.901875736223843,2.067387322835451,1.8982151277914652
622,0.9012451512632883,0.8995215064400586,1.9415582788524837,1.9047680673624197,2.0683008061558485,1.8974863144650291
623,0.9013912091436603,0.899638604383994,1.9400313773633555,1.9017558411777238,2.0660941426394874,1.8945131427261364
624,0.9012413104144871,0.8993826471117478,1.9439805491508575,1.9093703078132689,2.0674701200834815,1.8933482302579723
625,0.9008741719713699,0.8988764085208601,1.9464988966056387,1.9129895309416023,2.0702430958981717,1.896137592986152
626,0.9008765459106859,0.8989085854935732,1.9441730534490156,1.9107194622735275,2.0697440785481658,1.896816381679835
627,0.9006495374743305,0.8987709099088338,1.9435355998848156,1.912132068374546,2.071242864543097,1.8954962270235247
628,0.90064155610352,0.8988815240339252,1.9513025104493524,1.9158085599278818,2.0751206777464484,1.8917959133359574
629,0.9002937063759269,0.8987330667780462,1.9483620971945828,1.9141261902438815,2.0736577924452932,1.888103927856228
630,0.9004467084485397,0.8989192408608147,1.9462798066147493,1.9116149389201724,2.0626136610617887,1.8780480411419762
631,0.9005209187810627,0.8990828119531076,1.953656690459516,1.915635329055108,2.071142045322376,1.8804765614256231
632,0.9005494563211455,0.8991236325275926,1.95809237819037,1.922524944060533,2.0755162241734006,1.8869900967101862
633,0.9002680300571663,0.8985782253125016,1.9512146127187424,1.914106734680792,2.0768445414366004,1.8858608695407733
634,0.900600569505787,0.8990127314923673,1.9542572266496085,1.9117785447921931,2.0864817609873585,1.8923354556565477
635,0.9002925314598837,0.8987308495737727,1.9674270019290148,1.9258154679174466,2.083694805121234,1.8899353117259134
636,0.9008621963704997,0.8992843755799782,1.9715695165362939,1.9328262502398164,2.079281648693313,1.8838999554951943
637,0.9008178473930598,0.8993290254200698,1.968905433820175,1.9307071946821512,2.081336668444003,1.887328426501458
638,0.9003564357230138,0.8989075503257699,1.9690697213586512,1.9310733018776638,2.075623447089017,1.8826402439371241
639,0.8997043345257062,0.8984561607663807,1.9705464679538336,1.930123620357465,2.0732419367268493,1.8799638470750426
640,0.899740295710594,0.8986304747225466,1.967555023338058,1.928365899831953,2.0770230658794397,1.8817023845197856
641,0.900045751568712,0.8989191125462241,1.9709160876723173,1.930820742009828,2.0786948335491253,1.8855156908461859
642,0.9000990988226927,0.8990016174799014,1.9683696771326795,1.9286218626384777,2.0781441768630495,1.8862546856725217
643,0.900088383358222,0.8990798300598325,1.96853596182575,1.9289971067266551,2.0724762336590707,1.881595530310511
644,0.9003603545656169,0.8994633250893642,1.965598540284957,1.927220797078625,2.07710518185153,1.8824596661282034
645,0.8994986584240103,0.8988077884444736,1.9605324064369538,1.9223560168737313,2.0703899494682383,1.8788937957658574
646,0.8998249024267858,0.8991706876366983,1.955497889730388,1.9175215971860315,2.062019268028034,1.8718061561871362
647,0.8998026650485337,0.8992977561271845,1.9603178778629973,1.9238387824474865,2.0692241533170326,1.880656198386627
648,0.9002334183564843,0.899772193888743,1.9578901457158675,1.9216415714469417,2.0662267423392042,1.8786848715593474
649,0.9003840147660983,0.9000067600958519,1.9661698463672985,1.9296684421019674,2.068714827989564,1.8817107032885225
650,0.9004451434330987,0.8998456036920447,1.9663464552556098,1.9300356050297043,2.0706664630353795,1.8800178696630223
651,0.9006393205230684,0.8999667599990505,1.9665219665655833,1.9304004861352762,2.0683692681977743,1.877357017618179
652,0.9007389553120487,0.9000891576786255,1.9590121988816835,1.9228172087950812,2.0630647387201773,1.8725242600678662
653,0.9010789756226858,0.9004731729110909,1.9488158932772948,1.9128092915940322,2.064133900972586,1.8717903454739544
654,0.9006890835207967,0.900091740481165,1.9440175756721674,1.907927870040322,2.0664678191592643,1.8749892143506148
655,0.9009961619065896,0.9004460326657392,1.94176930090506,1.9057507818121038,2.058389065695874,1.8677888027290293
656,0.9008473972938345,0.9004339577444046,1.94207147332594,1.9062398625696517,2.060067241033288,1.8716829361246257
657,0.900948850281656,0.9006442979961227,1.9401295456295284,1.9037841085304286,2.0656394710152597,1.8768326004390237
658,0.9007301882657488,0.9006936277060733,1.9404396063736886,1.90428239723097,2.066780368250462,1.875989632333013
659,0.9001802789371517,0.9001323576556587,1.9353463054756876,1.8998316885965605,2.0765544734483155,1.8872063548663571
660,0.9003977685173078,0.9003859197128988,1.935339589066261,1.9058588030880776,2.074549589479837,1.884230028132383
661,0.9004267780481122,0.9003829641101223,1.9294607481019004,1.9022308970938657,2.065894964069739,1.8776074464524244
662,0.9007722154450436,0.9007573134116373,1.9254120416412128,1.8968313961663807,2.0633487850018724,1.875286863983634
663,0.9009706379887028,0.9007678439630323,1.9289073800586596,1.899405073871418,2.0630223467464144,1.875929514644616
664,0.9013410998206469,0.9011671270759987,1.926483956291692,1.8975644440388426,2.0575500346466358,1.8714203341027265
665,0.901001982258208,0.9009322823873837,1.93816602782568,1.9073581861117965,2.0521113347761957,1.8669388500093833
666,0.9009899643601847,0.9010600710951082,1.9346556188550248,1.906524634013595,2.0467060127250543,1.8624848692109122
667,0.9008435061344346,0.9009754572882902,1.9356793435253727,1.9063160453561294,2.0522871033064702,1.867634772973584
668,0.9004891412591298,0.9004812856698833,1.9330257410013187,1.9046524595025778,2.0460522185273895,1.8640255843531683
669,0.9003257412952932,0.9003279710296673,1.9282465914909266,1.9000186437685478,2.0541448841166416,1.8717601349987711
670,0.9004937119609234,0.9005264312512612,1.9257849809334568,1.898241950070371,2.054408292129649,1.8718758773586597
671,0.9007396344705526,0.9008002644702905,1.9289986202765361,1.9010398512465134,2.051852441554064,1.8696965898906959
672,0.9002871073748757,0.9004451227486923,1.9328661081393494,1.908254057093994,2.0610004646102045,1.8813768241065674
673,0.9004887883774372,0.9004851761669496,1.9417549243614298,1.9256845948864525,2.0572707288848227,1.8751970218991796
674,0.9002665240057506,0.9003940256506368,1.941243783314981,1.9268713514096207,2.051882181231224,1.8707364417185801
675,0.9002015834318967,0.9003967960559357,1.9386541495854461,1.9250409211924393,2.0501012757000616,1.8678197752932744
676,0.8998412572723167,0.9001055780772266,1.9462327355245783,1.933415072454044,2.056385555939268,1.872125937965156
677,0.8996018713614645,0.8998837127749314,1.9464094618012786,1.9338499027532814,2.053582464799152,1.8702108989209019
678,0.8995692828070325,0.8997950406604011,1.9439069599554004,1.9369602454719668,2.044308722785557,1.8646425524208057
679,0.8999858065863279,0.9001813974622599,1.9468139420165507,1.944799891495475,2.0428596638001477,1.8665533412163742
680,0.9002458602366749,0.9004429673626926,1.949482549634652,1.9477465565378314,2.0426425294604655,1.8672294046655162
681,0.9005991627059261,0.9008253964124248,1.9497382238202474,1.9480110167690015,2.0397058198159015,1.8655611557448448
682,0.9006644028804776,0.9006272791729719,1.948821447084867,1.9494447782222846,2.0406759679702753,1.8650699822816907
683,0.9004125791852349,0.900506294440019,1.9442720668386533,1.9545080151732837,2.039146987502895,1.8620240452177619
684,0.9007373543205307,0.9008495404856769,1.9495992126837718,1.9597835109787198,2.0334947332264304,1.858083093659945
685,0.900600149451472,0.9008922770177089,1.9604937773440827,1.9644684460419781,2.0318318203256305,1.8552516498473783
686,0.9003458334849777,0.9007118620729007,1.9611474501026271,1.9641926533148006,2.0266356556991196,1.8509447189291912
687,0.9005836206668599,0.9010196300345792,1.9540287148524855,1.9565944981560115,2.0287850215077747,1.8544420560800077
688,0.900914334071806,0.900926001192009,1.9592855596910812,1.9618384478751068,2.032214414990175,1.8515996027236619
689,0.9008121165689247,0.9007429529505141,1.9578745879262187,1.9586246596031678,2.0370734524932494,1.857365467276041
690,0.9007613016050766,0.9005704782710843,1.959205079002772,1.957712988318497,2.0380067010181717,1.85696168786782
691,0.9005369759981734,0.9003304165160033,1.9617264152012066,1.9556079547012948,2.044753153049157,1.8657737708840378
692,0.8998647776128246,0.899716226334219,1.961430133628539,1.9563180388585475,2.039523391242762,1.8614399331858855
693,0.8998776895934195,0.8997676679422689,1.9596524312675399,1.953506324933958,2.0473566370343312,1.8691041515297768
694,0.8997666408754216,0.8998206020395914,1.9549514086098845,1.9586411836689557,2.038400801983404,1.8634901134088155
695,0.8995519882694595,0.8995807640721125,1.9592418902479458,1.9647634282836999,2.0436624422980323,1.8686995994263194
696,0.8993837097403947,0.8993879315789997,1.9613409734205451,1.968028992297584,2.050326381407272,1.8774298705033372
697,0.8997531363781456,0.8997844405344767,1.9588125600782629,1.9659284248394562,2.045094944161566,1.8730595915250103
698,0.8993056745742101,0.8994199535244695,1.9540417056404833,1.9611221633196376,2.0471291968556944,1.8764083797393052
699,0.8987252274102611,0.8990448738007271,1.9507556031299829,1.959859149708952,2.0454386576444388,1.8735081786246497
700,0.8982683550162174,0.8986433997666773,1.9592124722123234,1.9667437137415136,2.048267212299024,1.87108212206941
701,0.8980118635787574,0.8984096765963293,1.962526066398742,1.9737192220810507,2.0548382915569516,1.8748329211991996
702,0.898040351699091,0.8984638126319505,1.973667724295799,1.9827172531792996,2.060044486582849,1.8798871333221188
703,0.897994169647475,0.8985016351341897,1.9819807517699821,1.9845221183191253,2.064698185465406,1.8854327872616823
704,0.8981909042984534,0.8987318104304464,1.9747013461326928,1.9771291138433966,2.0668006864119293,1.8885229692851666
705,0.8984056529065205,0.8989784787176893,1.981347359401882,1.98554436762933,2.0615295327501637,1.8841327011097022
706,0.8987429900337921,0.8993485563611185,1.9715671373270955,1.9757434285044417,2.062519187054345,1.8834112660137163
707,0.8988147777970744,0.8994966771060566,1.9703994804682858,1.97717090820952,2.06975783579223,1.8863016726460433
708,0.8986868256689834,0.8993947434656654,1.9630072524363504,1.9700425653394293,2.06478514727791,1.8816382551355637
709,0.8987539143785788,0.8994864058204475,1.9608018095779842,1.9676561333295846,2.0696804087400187,1.886849385195916
710,0.8987823697972286,0.8994677907530031,1.9588232764059312,1.9650699568994672,2.081915906176738,1.899409816377984
711,0.8985846795197676,0.8993780759130376,1.970126250157197,1.9737868956232008,2.08151357391169,1.8999038678808902
712,0.8985418369866609,0.8992426194872695,1.9849926860142746,1.964102275503024,2.0713003987806315,1.895488382539271
713,0.8985929219259197,0.8993825972377124,1.9801645328360373,1.959376521158135,2.070473548449812,1.8964780247905793
714,0.8981548529401424,0.8989957924620554,1.9870286064752622,1.9626021347936853,2.068615108508788,1.8936014812936934
715,0.8984499182236134,0.8991829955513105,1.983369582430454,1.9616156401610128,2.068279448811842,1.8941219744550852
716,0.897624563329396,0.8983857836576135,1.9861849542665067,1.9639561589249235,2.0630587333430097,1.889752372074124
717,0.8972335180072252,0.8979781035971652,1.9840951593040466,1.961407225251634,2.0573010613223,1.8859761331113571
718,0.8971149039320998,0.8978903263447952,1.9839161516804953,1.961852032315441,2.054454665162016,1.884221914212761
719,0.8968124150301336,0.8975102784555574,1.9930529819158318,1.9724690108415002,2.0493169481422475,1.8799136379748203
720,0.897080072361743,0.8977133689707661,1.9948729364844178,1.975684401310578,2.047781653827673,1.881793404008
721,0.8973722299749298,0.8980334433305461,1.9971492061709553,1.9784139586753382,2.0500406334808083,1.884739534195944
722,0.897626672993113,0.898291900763772,1.9910829950105962,1.9748832845400577,2.052837576100773,1.887117213544563
723,0.8979974521441595,0.8986180284317865,1.9891641311864228,1.9721143701574388,2.0506190208841226,1.8847742228029847
724,0.8977989272061099,0.898543903865678,1.988415848376038,1.9730503783308149,2.0455255238887666,1.8804847565399214
725,0.8975098284421851,0.8984737727431388,1.9920596273463997,1.974436473581411,2.048115339180593,1.8830965373280337
726,0.8977121246093793,0.8985867634260439,1.994158514847879,1.9773380963728684,2.054155877228257,1.8870656338010627
727,0.8973646950300349,0.8982580999472268,1.98451961231229,1.9677804964885386,2.0562844552623694,1.890054734520159
728,0.8976427729473961,0.8984692495605666,1.9764739209005242,1.9615703049884936,2.065887785645345,1.8951967312917883
729,0.8979980096000635,0.8988974658683424,1.9717634972205653,1.9569317750312512,2.0607460374038222,1.8908783815734365
730,0.89808327010693,0.8988837139675294,1.9755054196008697,1.963171656346129,2.065272386689352,1.8962233383636682
731,0.8979990149213616,0.8985152098642246,1.9834946011580594,1.9651062465394509,2.0696580227788064,1.8968373456402636
732,0.8976340690889123,0.8981732351383042,1.986144997586904,1.9675125137000327,2.0674171255576224,1.89442992073932
733,0.8978721972756781,0.8984446043979467,1.9886148924483806,1.9700699327714466,2.064689883211107,1.892535820543294
734,0.898158143102878,0.8987885004620084,1.9790698351947873,1.9606138885804398,2.059787130406909,1.8880441795553695
735,0.8981594429239038,0.8987960840396547,1.975072737102948,1.9553100973299293,2.0608515823250735,1.8920249339435606
736,0.8980413720566843,0.8985189078547481,1.967712283705971,1.953423511321153,2.066989617648138,1.8909028943826713
737,0.8981602670630813,0.8985361431731855,1.9717118934536875,1.9545867782452233,2.0672499848449672,1.890844031477431
738,0.8985616820087207,0.8989050231418261,1.9758865299996489,1.9603258669391723,2.0654459011847264,1.8928484546959385
739,0.8984967819849957,0.8988940254237876,1.9778201943908995,1.9634727592509857,2.0633148367152296,1.89040278900662
740,0.8986386495656039,0.8991102133092602,1.9826971564851066,1.9684181749547658,2.058241613663461,1.886154553396082
741,0.8988251131080073,0.8991909663442298,1.9732468874446265,1.959035964829206,2.0594186818172804,1.8900088841065925
742,0.8988971228451853,0.8990084146108915,1.9697753470837966,1.9580683411820865,2.065170931487487,1.889259046875615
743,0.8990383374966606,0.8989081465507456,1.968061985926544,1.9601249388877935,2.071474905724259,1.8926855366408855
744,0.8991227301910508,0.8988539215684125,1.9600943891293663,1.954177519925952,2.067767975746521,1.8918106894990596
745,0.8991662176789715,0.8985300605834692,1.9661076500187693,1.9628132686871445,2.0689641841178745,1.8860590320688793
746,0.8988852050881737,0.898222883323749,1.9567831917524372,1.9535044343472234,2.064361790943945,1.8813895359906205
747,0.8991764196243999,0.8984536278814262,1.9522500890428003,1.9489868659239389,2.069866532528744,1.8808796747180432
748,0.8991801003293691,0.8981434041016859,1.9559247260223223,1.9505128088285721,2.0660872148741936,1.8801589942859316
749,0.8996306056476695,0.8986490346160683,1.958802814902005,1.9528055114745753,2.066996680439934,1.87950369769089
750,0.8996392357839542,0.8986156561845572,1.962991544700819,1.9490343143773665,2.0686772745679587,1.8780758178824182
751,0.8999420805182544,0.898889481343426,1.96478563705649,1.947655367085766,2.0636342461169614,1.8739322270743288
752,0.9000832458890032,0.8990687460543397,1.9721468411175533,1.9548496189750517,2.061101000188918,1.8720455714697684
753,0.9001293534818887,0.8990249700704654,1.967568500242363,1.950352739640251,2.0686372210977306,1.8742432293679105
754,0.9001978153683811,0.8990687930286045,1.9630162756371832,1.9458815118936812,2.0761363262502854,1.8764507166207807
755,0.8999187245072237,0.8986334990575643,1.963190103067411,1.9461358745323125,2.074044259208437,1.8740655234465875
756,0.8998414465481963,0.8986333569914509,1.9604207259775068,1.9446355947973606,2.0772029787757185,1.8805412664220647
757,0.8996012352431587,0.8985415785883972,1.95851033876621,1.9423006204512274,2.0742461685694376,1.8790055710161735
758,0.8994495004532488,0.8985856814544405,1.955113256737295,1.9414764780410012,2.0717092025054535,1.8723895467723002
759,0.8991120888364293,0.8982561219415967,1.9553784864960313,1.9416953472317697,2.076054850386139,1.8776682783826246
760,0.899145375406049,0.8983246913199265,1.9649404948741116,1.95132134705835,2.0756907417976556,1.8782488083613273
761,0.8994298548668785,0.8986180364880395,1.9651042925294797,1.9515487732353507,2.067491808653173,1.8726469656341143
762,0.8994938620728244,0.898667488269354,1.9605998416842887,1.9471075903403845,2.0600132930716777,1.8710805928005911
763,0.8994132875828273,0.898618254865756,1.9561208957400806,1.9426915541134309,2.0550708164713427,1.8670190442567545
764,0.8991134778547951,0.8983307890346652,1.9608086352374976,1.9477911356692772,2.0548142969898273,1.8676384689806453
765,0.8994395912040717,0.8986365908334681,1.9579568156295024,1.9464149322464883,2.0545592274669104,1.8682543920960388
766,0.8990369737461178,0.8982251059139197,1.9529230181080204,1.942595899111762,2.057793177152502,1.8746766344264794
767,0.8987338321085203,0.8978614135182429,1.9570525659417548,1.9528836916023211,2.060946768129413,1.8811247403394487
768,0.8988697405596097,0.8980773861834247,1.9562355741264483,1.9541185251633737,2.064508075010859,1.8824715871247468
769,0.8991391976200891,0.898246070523889,1.9546945477050597,1.9514402759704639,2.0711379280768654,1.88535699702506
770,0.8990707151828662,0.8982193945437814,1.966583923176699,1.9631361619473622,2.0661784194902313,1.8812576784276263
771,0.8993942207713362,0.8984084949311189,1.9631538060600782,1.9622658561449915,2.062287627745411,1.8807661017855082
772,0.8995063532043684,0.898408237825957,1.9540823085371128,1.957819341407579,2.05738322898281,1.8720753079307642
773,0.8997381297259763,0.898668785231664,1.9518054007239907,1.9558866731017182,2.0613731034938083,1.8776435934438223
774,0.8996285941276659,0.8983592226764698,1.9566393043625743,1.9607017553521642,2.0554499495134264,1.8746246865966816
775,0.8995141066208815,0.8982541795051824,1.9543905625758673,1.9587242721921094,2.0573530211584696,1.8776508015569462
776,0.8993311951636609,0.8980822469415265,1.965980346080828,1.9705465372199884,2.054661627613781,1.8760389025827828
777,0.8997571937325236,0.8985733566800754,1.9669777866858107,1.9698409354019162,2.052531898070259,1.8738894265691457
778,0.8999942527096363,0.8988502091044899,1.9763362226071957,1.9791456557197475,2.052290606590955,1.8744686823725114
779,0.9001808261262751,0.8990055115026337,1.9749615610650753,1.9761359487175942,2.052189571197903,1.8703171470294657
780,0.9000101560476167,0.8989253872978639,1.9659082185481853,1.9670772227371092,2.0596983573525236,1.8769157751066503
781,0.9002716025636053,0.8992058316794641,1.9687114070490894,1.9691604043007915,2.0666515142880786,1.8839913274114441
782,0.90061288898785,0.8995104168815561,1.9785233375273303,1.9733574076090665,2.0685917394191584,1.8822769064008726
783,0.9004034367527903,0.899357662864404,1.98272488864574,1.9785164343752433,2.0712638161431607,1.884399704647477
784,0.8998524988360588,0.8988225667867269,1.9828037626667294,1.978614523190491,2.0695697089059095,1.8817304811362923
785,0.899395503627401,0.8981969358971,1.980716609487847,1.9808776551688654,2.0714179763624405,1.8801043431077116
786,0.8994813517590394,0.8983408423191338,1.9778703025642557,1.9793423250287292,2.068158376135036,1.8790282004809935
787,0.8996335369325101,0.8985590676418076,1.9813351908066401,1.9851763759688343,2.0707181212361574,1.8812609502458555
788,0.8998195917845556,0.8987680042599906,1.9852528603103718,1.9905060641148689,2.0723129263154796,1.88443206123787
789,0.8996087079653117,0.8987364315937871,1.9860855691886137,1.98978348216833,2.0655527828993856,1.8777597456735073
790,0.8999514834198956,0.8990420198925154,1.9816102711558206,1.9852914013499445,2.064588709194718,1.8744426445640154
791,0.8998999283056375,0.8990157197123948,1.9748081060737857,1.9786418960086674,2.0663088010819193,1.8775328909131508
792,0.8999120449325878,0.8989495247222176,1.9730380637013567,1.976093400888846,2.0671315212967176,1.8814939131504098
793,0.9000507674611712,0.8988649813817711,1.9713171744754607,1.9825693157719586,2.0686706490875593,1.8756623947464115
794,0.8998423910135521,0.8987176956723629,1.9754463027929599,1.9876892965958464,2.071401687200867,1.8777033200886972
795,0.899696614181038,0.8986236481287986,1.971417550140451,1.98285289726543,2.0808632349102845,1.8865348540430467
796,0.8991285024395104,0.8981535611954522,1.97082343282749,1.9836533142538602,2.083838678019981,1.888217786689368
797,0.8989679486181131,0.8979918982826601,1.9664481357312331,1.9792201955794955,2.083460834725216,1.8887215656225635
798,0.8988879867402552,0.8979202554597421,1.9665991957936,1.9793137521856674,2.078582785033209,1.8847202876623819
799,0.8988438372388141,0.8978315292524833,1.9667494254356996,1.9794067944844795,2.073731551369217,1.8807410058656746
800,0.8989737893612358,0.8979931235595657,1.96240554025678,1.9750060360803285,2.0710264323965,1.8791574031874942
801,0.8990697939415255,0.8980457590828186,1.9696189864899294,1.9815399324678142,2.0642859055290796,1.8726551489915928
802,0.898609074164553,0.8974025995763437,1.971282074423487,1.9800958631821424,2.0640457464310997,1.8686937720365464
803,0.8983851915584689,0.8973170547250668,1.9693959452287282,1.9777199809774606,2.0612937830233062,1.8672672209935817
804,0.8985208134912427,0.897510440101638,1.973209956459047,1.9830933493748024,2.059180948095045,1.865224418221571
805,0.8985960227955196,0.8974959755439246,1.9777988783827376,1.9831706693606281,2.0589163572402067,1.865826983589087
806,0.8984991041640845,0.8974398386927116,1.97674354266978,1.9799339204790656,2.0596561381030893,1.8609569192478403
807,0.8983981552080647,0.8973149307237641,1.981940791238875,1.9838538676348954,2.054928009169909,1.857115375587431
808,0.8987849295558941,0.8977514805162772,1.979744792447829,1.981744849553342,2.054683168298113,1.8577522819041923
809,0.8989993235014143,0.8979581665067835,1.9736526249869373,1.9791024419143963,2.0548071462993374,1.8535652001307719
810,0.8991800882255259,0.8981709188348714,1.971279333414517,1.977237325720358,2.057053832283562,1.8561747078165731
811,0.8992749905862449,0.8981083479591359,1.969861324227317,1.9877724023990715,2.07095370633789,1.85599286069924
812,0.8994219401838257,0.8979887470513478,1.9722106771965349,1.9811714502592959,2.0698973117501853,1.8529338976653555
813,0.8995072888821636,0.8981144068604451,1.9654315270367004,1.9748515978110817,2.0700863403788543,1.8530871322947082
814,0.8997293391306904,0.8979198720824589,1.9645639198626423,1.9715529779413967,2.067386526248721,1.8561273510835068
815,0.89981072517049,0.8979878548469518,1.9621590569738645,1.9698142192904187,2.0696499638977426,1.8586288643670006
816,0.8995611192378353,0.8976976091677356,1.9591268591365183,1.9731472291976084,2.0695306363520602,1.8546433716245965
817,0.8996099311801681,0.897715571304253,1.9671879679931472,1.9786379508988128,2.0762678805832,1.861493740455906
818,0.8993217887220802,0.8975176629486923,1.9673327718869649,1.978732224483854,2.0691565039498516,1.8556403814171192
819,0.8982957415933608,0.8966254089815152,1.9694275311389307,1.9812839727908695,2.0732603351403256,1.8606855460616452
820,0.8983665814396232,0.8967446467440046,1.963064859182432,1.974650777250911,2.06853335688911,1.8568948144710316
821,0.8985945562790133,0.8969622519087515,1.963802914450667,1.9741867678526923,2.071295088913956,1.8588611065443603
822,0.8988534943863293,0.8972723481047398,1.9619394360271152,1.9719272969494321,2.0737049936340974,1.8611537181492357
823,0.8986568678363612,0.8972315020067133,1.960659352027988,1.969106656889532,2.070437435149194,1.86031619667377
824,0.8986444031686921,0.89718275077598,1.95396806521768,1.9629458381698006,2.0726055741449154,1.8628385575744892
825,0.8990300714862763,0.8975742886759888,1.9585521431882544,1.9674905723977547,2.0740490667803,1.8660603212682574
826,0.899148536527514,0.8975833785081092,1.962532051293025,1.9682124168132322,2.07436866850809,1.8660029188288083
827,0.8992330338507047,0.8977244918235023,1.9583223269044103,1.963977848812153,2.0756108738294974,1.8693950979579392
828,0.8996158396439218,0.898112970861999,1.9628736485103484,1.9685044601840942,2.0770343676489045,1.8725811078638814
829,0.9000581972786824,0.89843594295117,1.959853611275289,1.96745916652433,2.076698123762729,1.8731372729207467
830,0.9002493742019286,0.8986846313666097,1.9556681764535915,1.9632405677332483,2.0720031892920527,1.869329964095673
831,0.9000100209206457,0.8984688197317937,1.960304622363276,1.9676696353444478,2.06519892987247,1.863321380543099
832,0.9003216939157863,0.8987294381418474,1.9614271044800453,1.9712123740478216,2.063015725349285,1.8571120878068592
833,0.9001848658886896,0.8987071436283648,1.9668703932429081,1.9747567924777953,2.0627417688322183,1.8577332831440292
834,0.9006241056676962,0.8990289202058834,1.9614225866596362,1.9717719457392595,2.068359601757059,1.8654900910737893
835,0.9008794000769832,0.8992335656346905,1.9572512193973868,1.9675556752489718,2.0693472367678014,1.8691282101795728
836,0.9010918166295505,0.8995622027347226,1.9601470160619494,1.9693202044378724,2.0697710600383474,1.8689710594386277
837,0.901200834229599,0.8996108315167336,1.9575543388959726,1.9678882179029138,2.073434600894959,1.8699028458564688
838,0.9011656925249276,0.8995909196404921,1.9602362450467412,1.9698545765540036,2.0710658749086335,1.8681909317233987
839,0.9013067681658531,0.8995232797647318,1.966075077085199,1.977282125248164,2.0704740590215,1.873366669233285
840,0.9016663002846124,0.8997241130280704,1.9705386397817783,1.9816973059384582,2.0771603540267893,1.8755570301825832
841,0.9015109522128932,0.8995195301555653,1.9717416788847837,1.985013053471703,2.0757515991665922,1.8728569147620113
842,0.9015177093134489,0.8995084547233506,1.9725114877744185,1.9844295659377673,2.071116745303443,1.869096228520837
843,0.9013579618000682,0.899369766702115,1.9747349789242605,1.9866955812821385,2.0729158359043898,1.8718586737955776
844,0.901565524511293,0.8993168696772068,1.971457147970264,1.9858393845593296,2.0658293726077406,1.8705828569848648
845,0.9015534494411,0.8992975642254785,1.9692512708938994,1.983933123940317,2.06554659769384,1.8711387778454724
846,0.9018387899015811,0.8992991445759856,1.9693832223049221,1.9840020714067144,2.0735473057073373,1.8719923310403443
847,0.902008697131458,0.8992563052365155,1.9682777236460118,1.9810204158725342,2.084196210599853,1.8744378702971551
848,0.902337100061438,0.8996236582724718,1.9641308746626203,1.9768189936824947,2.0838356229690476,1.8749756160050188
849,0.9024068169345939,0.8990813675989925,1.9685627636535439,1.981196597500104,2.087101720924307,1.8761641667068574
850,0.9022026974583769,0.8989312841030671,1.961289664351237,1.9758619848362848,2.0824552876393834,1.8724193114702197
851,0.9021985833733858,0.8990095247280374,1.9634667507837225,1.9782231304572169,2.084115011726659,1.8752221446146844
852,0.9018324254958486,0.8981255088615773,1.9678881969244144,1.9825816316436515,2.0849414049788475,1.8703035936139796
853,0.9018371569984313,0.8982028821525253,1.9632049615852858,1.9789532400129863,2.085138169015483,1.870297546128723
854,0.9017620155508483,0.89817229742406,1.956988082699587,1.9726450958496144,2.084727281457333,1.8708981477187974
855,0.9017951025151971,0.8981386235978689,1.9589067922284071,1.9752784764953464,2.084366950571034,1.8714471961959251
856,0.9020244118832756,0.898415736243082,1.9505842176493444,1.966886345486219,2.0860057002743315,1.874244754882803
857,0.9018609223953586,0.8982589501162871,1.946549620024428,1.9627825561736747,2.0856406632922173,1.8747785022392711
858,0.9017829200995697,0.8980668316235256,1.944592953577818,1.9651236625830353,2.0874608399588785,1.8731261519733178
859,0.9017006808273285,0.8980692613636061,1.9494340423143741,1.9649008556901695,2.082854514000555,1.869427716580575
860,0.901579200400293,0.898007368762815,1.9530260550966827,1.9659029659604619,2.0787771748551322,1.8652437375863515
861,0.9014730280708505,0.8978189617274617,1.94830928196767,1.9582802838895763,2.072053253000701,1.8679769209361952
862,0.9014251063268798,0.8978198047209416,1.9506396476604213,1.9605675720091311,2.0654137269026673,1.862200211449631
863,0.9018290119336163,0.8977757449791632,1.9508478962713316,1.960733935253409,2.0790986988330644,1.865696412266827
864,0.9018384826715027,0.8977961831276203,1.9603162309647166,1.9684971716945072,2.076242097425382,1.8645709591258912
865,0.9020213928729438,0.897821398683253,1.9548178246421775,1.9616637637115926,2.071710563364308,1.8609306696792562
866,0.9019323059064864,0.8977807217053961,1.9508015676325665,1.957618710579763,2.0672026195960833,1.8573093308776014
867,0.9021646179081716,0.8980201644073926,1.9502130817749983,1.9543899209421702,2.060181796666081,1.852041053628315
868,0.9019505941312476,0.8977366726775553,1.9453539420539614,1.9512537221793607,2.064997299696681,1.8559898363658898
869,0.9022178596175344,0.8980718570914014,1.943321659988135,1.9495258943147065,2.0689184271626653,1.8607874799155126
870,0.9018764600873466,0.8977894967067169,1.9435591147717026,1.9497373563624438,2.077763943283912,1.8648050084630214
871,0.9015992284613926,0.89757484325536,1.9426160236571712,1.951127036751617,2.0744324623339607,1.8600062010492917
872,0.9012325205891543,0.8972219181071064,1.9409976644172922,1.9490085268107051,2.06947553967099,1.8568749554863513
873,0.901295880245592,0.8971672890362695,1.940073334256305,1.9462153315669628,2.0715797262733404,1.8592553661254214
874,0.9012926282577818,0.8972320748208406,1.9506665179442928,1.956960596009616,2.0651107078937514,1.8534946228789642
875,0.901346869270207,0.8971008069904336,1.950872170493968,1.9571400109383479,2.06684819905779,1.852096435176977
876,0.9015483943392139,0.8971628302778634,1.9525826012635856,1.9599771128366625,2.073039813010305,1.8545712798595104
877,0.9015663495901289,0.8972826163149693,1.9509449162065282,1.957818283665299,2.0732263269047846,1.854685924904718
878,0.9018253180837265,0.8975941723059565,1.9532602946573436,1.9600382305735078,2.066721221387506,1.8490222374679204
879,0.9019276299383581,0.897544460481288,1.9534543569333525,1.9602041510017902,2.063377240739506,1.844412091466018
880,0.9021545791813477,0.8978292864288316,1.952537194862134,1.9614794428277846,2.0672621918918392,1.8492052726400758
881,0.9018807797371449,0.8972811340305894,1.9485901823371239,1.95749537645867,2.0701384096979702,1.8508188705721824
882,0.9019040207831477,0.8966915253256635,1.948802995423633,1.9576713261223326,2.0772736945724084,1.8481503280847102
883,0.9020062716902829,0.8967704221164647,1.9515116454955417,1.959484846817068,2.0686833280533574,1.840507479315174
884,0.9016490739798851,0.8961399086749566,1.9598119734103758,1.959814758384557,2.0724495833088836,1.8412476523773396
885,0.9019141735531672,0.8965486772687802,1.9599778350920725,1.9599806085722704,2.0754294210398494,1.842751140119419
886,0.9019057320419313,0.8964053887857611,1.9610037035796917,1.9551617361004894,2.076205811020293,1.846435109701873
887,0.9019097325699609,0.8963783758572054,1.9648941407585234,1.9516166047315116,2.0777568349837425,1.8452027197172702
888,0.9019357331928924,0.8964647384321418,1.9688067096101969,1.9562771334217741,2.077783545659849,1.8454930134369367
889,0.9019409757765824,0.8965691390046253,1.9715546467098886,1.9579478177708105,2.083831984922006,1.8479812909033984
890,0.9023866303365826,0.8968294698270237,1.9757780167170889,1.9622270650038163,2.0813097011743347,1.842570472301459
891,0.9023527245590386,0.8968167341182138,1.9777855882554798,1.9645762777278954,2.0806900829021133,1.843502368586084
892,0.9024788025347782,0.896995154812262,1.9804477306434283,1.966248709357623,2.083413891938914,1.8492859508545731
893,0.9022314727853545,0.8967932822064755,1.9887979862624716,1.9744937174397066,2.078978117769018,1.84580875648621
894,0.9020006725301496,0.8967046778374289,1.9972956084457314,1.9784167305307034,2.0752267939003173,1.8416873861699121
895,0.9020199708329245,0.8966115481222419,2.002958499810253,1.9810252323674729,2.0818314079982025,1.8476804950048789
896,0.9020739915189272,0.8967634413048471,2.0056464182221876,1.9824846841846817,2.088215360834208,1.849748257919813
897,0.9014159829446312,0.8963257805471462,2.0177898003666566,1.9867013503647175,2.0847803602891384,1.845280413366188
898,0.9013554693744003,0.8961850374883886,2.0210090794043283,1.9875376112423602,2.0852170633452056,1.8492024673476235
899,0.9013384091492084,0.8962294004370752,2.0176873797029087,1.986754763599538,2.0775642879571845,1.8449128468120464
900,0.9012165229007753,0.8962133569874225,2.018867404613143,1.9896223748798,2.078290150921779,1.844502168298456
901,0.9011266807463183,0.8961382299550533,2.022520778235675,1.989996151822265,2.0750433252190223,1.839939317394618
902,0.9013218409301027,0.8960454114720208,2.0215752821361446,1.98683328623003,2.0811457453036053,1.842297008132341
903,0.9015605497349273,0.8963504674279507,2.0214878263462897,1.986886657738466,2.082797504612569,1.845009092768863
904,0.9012593674595131,0.8959848802482395,2.0133018795312543,1.9788408271894158,2.081798509774299,1.8463004323576329
905,0.9013284228014653,0.896081441008054,2.021338905559105,1.9870172626080365,2.078418794788208,1.841880179536572
906,0.900776386991904,0.8954839511225215,2.0260518461978716,1.9903533024647775,2.0748183032552854,1.837720021929905
907,0.9009240958082766,0.8956797123233071,2.025946666138777,1.9903922494249704,2.068579829147551,1.8321995999183043
908,0.9007916450706612,0.8956661167940251,2.032063560709837,1.9922760566543543,2.067380697928474,1.8297658777005776
909,0.9009113305398552,0.8958283720712344,2.030699067517223,1.9935424789691814,2.073932441463922,1.839745636313969
910,0.9009745961238915,0.8959710116625496,2.035855906858934,1.9923133037709186,2.0820171406102164,1.840058888814328
911,0.9006940841059856,0.8958537316515987,2.04777537943479,2.0003866516800124,2.0816877534407703,1.8447232660611623
912,0.900300002785466,0.8953381435183001,2.0407026397205277,1.9952143154895379,2.084779664486071,1.8419269766536723
913,0.9001700213953916,0.8952680265338258,2.038805443555209,1.9929541856738964,2.084439428041391,1.8425613528780809
914,0.9000485473827444,0.8951622500705922,2.036088280991781,1.9875256715148186,2.0800917222995876,1.839183378288623
915,0.8996252039002743,0.8947919234078013,2.035943741426338,1.987575633274395,2.0780526427833452,1.8375406081874965
916,0.8997335309777631,0.8947072715582507,2.0346507588677847,1.9847733478822782,2.081146004475354,1.8347849716648041
917,0.9000072498184226,0.8950312122969475,2.031037909348814,1.9803142281955466,2.0768244866595458,1.8314481992839367
918,0.900239756779106,0.8952855249139422,2.026920800971234,1.9763996680373135,2.074768265757349,1.8298775340645377
919,0.9002166785044804,0.8953069167234333,2.0287545210421007,1.97854187962039,2.0764467650406235,1.8325685972146724
920,0.9004351569129012,0.8955776919470749,2.0206695479788848,1.9706570134942711,2.0780269661208917,1.8353361776511241
921,0.900525373687868,0.895672166236388,2.023379380867332,1.9719629185742082,2.0849036079559955,1.8367668695176225
922,0.9008622548889854,0.8958614071616059,2.0256453082232126,1.9697155159553816,2.0932609799125896,1.8366754879210492
923,0.9010766030906728,0.8961286177308884,2.017596907421561,1.9618893383549478,2.094775024489713,1.8394130762211836
924,0.9009447922262125,0.89597558436558,2.0162132142303437,1.9633544564110592,2.104978962516274,1.8493167715894736
925,0.9011100651842694,0.8961909694323021,2.0161489237418784,1.9634997675050803,2.100597373783219,1.8459489637638669
926,0.9012376645802762,0.8963900066175927,2.0177940790225146,1.9658965817574015,2.100741969814166,1.8460161171292337
927,0.9012762170450728,0.896451352789387,2.0112898984168304,1.9605931303401478,2.098862273895079,1.844149120656645
928,0.901191267192892,0.8964926325230151,2.0079092354722525,1.9640849519331367,2.091707266840463,1.8396691202970816
929,0.9007365255815917,0.896368675130197,2.0102202490045817,1.9697835161552517,2.1008512751902,1.8465940847121178
930,0.9006119639340867,0.895807105281916,2.0077748144329806,1.9723078466133495,2.1068040100456407,1.8487397803465873
931,0.9007905142262274,0.896037046738466,2.0081931717577546,1.9719679953431042,2.104636736521927,1.8471406886401236
932,0.9010267588929634,0.8961947256215879,2.0051290843512,1.971172547292375,2.104224713267825,1.8477425957066407
933,0.9010784078626098,0.8962273788108062,1.9988363134378553,1.9657573862205935,2.1038147226132704,1.848341533433498
934,0.9012276601665877,0.8964071530470713,1.9972817743595923,1.9635212780216047,2.101847640802195,1.8465668444650425
935,0.9011920460891617,0.8963225498526726,1.9933665870739345,1.959738629672703,2.107492421793002,1.848976298224369
936,0.9008944103006403,0.8960715198566853,1.9914873120320211,1.9578798882361352,2.110992778286585,1.8534905380887208
937,0.9008499995098125,0.8960788597639295,1.9918879948347172,1.9576775854913688,2.1044972197930507,1.8483712071458864
938,0.9006631444164606,0.8959853059288838,1.988726652461669,1.953208135706193,2.1040882073579885,1.8489646972111442
939,0.9007103743663665,0.8959578627500302,1.9887707333539895,1.9533911006262759,2.100536323738693,1.8448797795617737
940,0.9008330854016563,0.8960912410534596,1.9935047814906155,1.956695541172754,2.1044418317980162,1.8490000481037527
941,0.9009983172472201,0.896275806301494,1.9917386958541112,1.9547535897489658,2.10371475149552,1.8499088156049002
942,0.9007557668301243,0.8960727275042345,1.9917709023302606,1.9549299816850156,2.1033104223385535,1.8504939421873547
943,0.9010009057694787,0.8963308089821327,1.9920778573746725,1.9548306041560601,2.0969287532222296,1.8453717925291195
944,0.9010217859957818,0.8963973881742014,1.9843273110342408,1.9472249751244857,2.094515253562917,1.8441190981090074
945,0.9012675530792887,0.8964477685489026,1.9797340467039843,1.9404238946081394,2.1082101744960937,1.8423230800418524
946,0.9010263893852529,0.8961995073457455,1.9931065750496586,1.9467759401392086,2.1073856458848343,1.8394567727600217
947,0.9012355673759103,0.8964595091904275,1.9853752550790356,1.9392243380860412,2.1088147927518217,1.8421128556257904
948,0.9012493847747325,0.8965251802551124,1.9815567754051984,1.9355847002671809,2.106190062161524,1.841052596303591
949,0.9011081004396151,0.8962668852746982,1.9839493082347692,1.937384215529926,2.107329116370678,1.8439890600925004
950,0.901366697719214,0.8965937095835598,1.9784353826304986,1.9316001459658694,2.1030466204130165,1.8407250081636546
