0,0.5,0.5,0.5,0.5,0.5,0.5
1,0.49485687242361903,0.4966414380458972,0.5149850074975006,0.5049950024991668,0.4950049975008331,0.4950049975008331
2,0.49454138296103806,0.49403097322439626,0.5198254668165118,0.5398752222277483,0.4900651124062514,0.4900648377322716
3,0.48478745393973155,0.4915359493427508,0.5345828734536472,0.5344926419920288,0.48517914120466743,0.48517886926919956
4,0.4849357243800948,0.491534453199561,0.5292592768891217,0.5391282409040349,0.49030947831495864,0.49030831199158426
5,0.48493572438009486,0.481628125951026,0.5438933306206436,0.5536640972120414,0.48543083781906027,0.485429683100749
6,0.4811429017524464,0.4788763183485263,0.5384869332089831,0.587921295187394,0.4905457477286206,0.48060442484787746
7,0.47400230223707596,0.4743001295716159,0.5629303596282135,0.6118738263089706,0.4856745085499058,0.4758319054353194
8,0.4680064898388446,0.4654561620826282,0.582331396321776,0.6304199528959225,0.4808564624228627,0.4810318202207943
9,0.4675403293220405,0.46658372199963205,0.6022872503753783,0.6579076660038328,0.4929586968623304,0.4891280989217084
10,0.45997755687290615,0.4574676668904299,0.6191410995788794,0.6780797508132622,0.4880781601035928,0.4941859853290052
11,0.4548170125976401,0.450598383778841,0.632798626468879,0.6911543389150566,0.4832507728926305,0.4892981880448414
12,0.4482086099489937,0.44672182559171714,0.6463075564985998,0.7040866726572578,0.4784759087034918,0.48450550863075076
13,0.44545888343838463,0.44404390736359367,0.6695404811955735,0.7366201102154772,0.49349463161919127,0.4797230316217573
14,0.44328008458546225,0.444581542805627,0.6775645955847701,0.7443128070938699,0.513115705250466,0.4998122828444494
15,0.4390469395297561,0.4389112758601438,0.680740945251172,0.7468316121592241,0.5080609411740652,0.5047396917665767
16,0.43052035263305377,0.434667133291736,0.7035654072318112,0.7591643846302616,0.5030609746494412,0.49977241056473903
17,0.42027356936473426,0.4284538199171611,0.7064797852096848,0.7615321447731208,0.4981151624473124,0.49485892967272416
18,0.41826481214693256,0.42640398579638494,0.7486490676757818,0.7736958934454429,0.49322286942548665,0.4899986181003333
19,0.41346990082526364,0.4207354073281216,0.770738858395408,0.7955399298797203,0.5080070556656782,0.4851908527842579
20,0.4103186406734914,0.41628388344677464,0.7925900465299593,0.8171480182406166,0.5030275772457384,0.4902370052153284
21,0.41314420258090195,0.41429671670788215,0.8239973281382633,0.8287310140963533,0.507893901707789,0.49522898606218024
22,0.40991307148106404,0.4109623757010563,0.831886746705453,0.8438035513113782,0.502925479209912,0.5001668592153959
23,0.4035252612051247,0.40797851441440025,0.8237570296224186,0.8551026254431311,0.4980105771802566,0.49527891614401676
24,0.40444341121826627,0.4079781694603277,0.8352401587800853,0.8565176006789059,0.49314875958241877,0.5002067988339997
25,0.4053522284527391,0.40600101216070056,0.856353276083112,0.8774231969820673,0.4883392262602169,0.5050814465247891
26,0.4007452909135916,0.40272681617322875,0.8577528765193076,0.8786175057855916,0.5002674527723446,0.5224473773946399
27,0.3979114893241063,0.39882474233442045,0.8591297527883919,0.8700730856210868,0.4954062855119042,0.5368293019462068
28,0.40074814130128805,0.39306264185546597,0.8604973504128339,0.8616148044255665,0.49058911138583305,0.5413353282042418
29,0.39634752750792,0.38741528948993154,0.8845559216927179,0.8985406692943301,0.4858234479849507,0.5457908723427575
30,0.3908216762736075,0.385514432608635,0.885476549133616,0.8997249712983126,0.48110879603304935,0.5501987245350769
31,0.38331968878014594,0.37945627447467534,0.903145778517606,0.9035276721665944,0.47644456377558875,0.5545594380280937
32,0.37689228651486056,0.37638009272438633,0.8943987522068926,0.9141470788323379,0.47183016681546364,0.5491884933692502
33,0.3719618489303106,0.37377197951493635,0.8957883338050552,0.9146098901428116,0.47191879641051737,0.5490837901986656
34,0.3731320317558928,0.37199870045577527,0.9064613291213787,0.9057695315660947,0.46735736379938503,0.5437765027460217
35,0.3683058739469556,0.36977675628473844,0.9129523193739515,0.9107477044553597,0.46843231156153303,0.5522500999280481
36,0.3638068574855355,0.36532719669015956,0.9041456134409817,0.9501942798003669,0.47356002767134736,0.5469228729433413
37,0.36050950282837185,0.3601600124756036,0.9339796233494078,0.9603110069934601,0.4689964426981262,0.5416523077380209
38,0.3552551875961716,0.3549958097359976,0.9634965982857842,0.9799473568830674,0.474108482660864,0.5364377508767911
39,0.35062104176141334,0.3521101713331757,0.9642905759435629,0.9893148144789811,0.46954874096675003,0.5408960640950684
40,0.349168999675561,0.35336145102945304,0.9882643122799429,1.0138263046093734,0.46945222143008597,0.5408934428830555
41,0.3460244166277906,0.34842233828024693,0.9883769548292798,1.0424884696085712,0.464946282257613,0.5357017900562864
42,0.34382168700327054,0.3473740128789611,0.998077102502729,1.0516697583189918,0.4792554448891028,0.540563808866672
43,0.34140170225064514,0.34808033031732905,1.0161608804726585,1.0714259051057313,0.4789077246025505,0.5407269352718383
44,0.3380011285371096,0.34115046981204045,1.0160062282874127,1.0707423920801609,0.47432479817932227,0.5355524274656318
45,0.3354908939376216,0.3385038691713688,1.022004321926428,1.0830349334515685,0.469790265053018,0.5399925345634954
46,0.33324209303191854,0.3366198601528066,1.0497205301026973,1.1020676544192027,0.4653035708874747,0.544385798887624
47,0.32999066549711675,0.33333834330276435,1.0602912957979957,1.1377530666638682,0.4608641681570993,0.5487327565620692
48,0.3283887842224742,0.3285936252324069,1.0501853012163032,1.1364400956427594,0.46600285392863533,0.5435025992585144
49,0.3249788715884379,0.32407869176864135,1.0703529518522479,1.1716263009766081,0.46156566268967036,0.547849281365939
50,0.32058437124998623,0.3225885194574859,1.0696837338732246,1.1604814468565294,0.4571751142927745,0.5426379777996705
51,0.3193098559861459,0.32108356435616087,1.0880170052356908,1.1684693249905687,0.4719216160634502,0.5470145287088193
52,0.3194958109457468,0.3195953145559432,1.1061680117341155,1.1668699970566578,0.4769359044145424,0.5418215618819618
53,0.3169479226296852,0.31663558466445546,1.1158514311943406,1.1830485400690502,0.4806900442112078,0.5473733301489153
54,0.3130518548296675,0.3126641730336045,1.1147538175393634,1.1907886004949713,0.4761358323995931,0.5421873394766564
55,0.3097423212548794,0.3075847418817041,1.104202838220109,1.1795179632477633,0.4716292774618463,0.5465204683139606
56,0.30648801087448674,0.3070712835000961,1.1032175596040292,1.1778205506493022,0.4715351558845638,0.5464566620362762
57,0.3051141577385577,0.3057795821676084,1.1201959038785216,1.1865253591336928,0.47746555362703874,0.5686941367297457
58,0.3020703870582518,0.3026405955318766,1.1190616752947509,1.1847652126802715,0.4729599501812084,0.5633276548074193
59,0.29722032353348216,0.2976140503817751,1.1369938375755864,1.2111041922178312,0.4685013247154481,0.5674441945645868
60,0.2946131775309164,0.29360578595000947,1.126286032864261,1.2185337331424566,0.4640891453999056,0.5621002063922947
61,0.2900831243962571,0.292222156198154,1.1243816794440993,1.217193942068686,0.45972288686670537,0.5568762788531766
62,0.28471852273681253,0.289332765237749,1.1286246425447248,1.2191393970239222,0.4633756774221568,0.5631563740624587
63,0.27985210279336475,0.2874069674870662,1.1360834461139102,1.227194155175152,0.45902484174033864,0.5578686540415349
64,0.277996105297681,0.2824811762291788,1.1307766285919565,1.229093410634839,0.46142436477031573,0.5646907191718356
65,0.2753340067294209,0.2811748345607317,1.1201804887219453,1.2456880000905866,0.46647118181373126,0.5593991861737644
66,0.26955722205709337,0.27827670994468534,1.122628301982415,1.2491764876265417,0.46715432023360703,0.5585797224176173
67,0.266122134162231,0.27571646351875007,1.1308334400001625,1.2561981530847666,0.46655737815973297,0.5682879529728749
68,0.26130349830173316,0.27294719796849676,1.1417880711920922,1.2696554529057045,0.46870677015249995,0.575155619560221
69,0.26111362713548303,0.27065102294418275,1.1497979920952703,1.295138487021796,0.47367171049612716,0.5697875387108964
70,0.2623643461469336,0.26928507287788195,1.1484012848746308,1.3203584486058193,0.4692560629010044,0.5644748749133618
71,0.2566511402972542,0.26541720891799625,1.15150326272966,1.3222047713890566,0.4693694007696474,0.564904851836519
72,0.2551626095915056,0.26312225379755055,1.153094896628486,1.3720369916254884,0.4826119185406635,0.5699540194719181
73,0.2544645538710744,0.26239404581144754,1.1423757168984425,1.3964665575641089,0.4781255541401061,0.5646557221761418
74,0.2519662794882872,0.2610108595437338,1.1410535139167033,1.3927846848684642,0.4872682448339199,0.5736891677557407
75,0.2494244990622857,0.25774048695034985,1.1399128048948182,1.3889727447735862,0.4827476454315257,0.5776442387334
76,0.24750644373452904,0.25482887130122045,1.1550245945050248,1.3967636443716835,0.48541382411231226,0.5836865003483201
77,0.24542085360478721,0.25342905273423466,1.1813659331221031,1.4208667456538417,0.49017832530291805,0.5782822062647242
78,0.24325838633585645,0.24924975014039438,1.1889380070242903,1.435473166504263,0.48564435016723917,0.5729333015717443
79,0.24104201403203812,0.24949769714819395,1.185576385612409,1.4330649793800443,0.481156802480882,0.5676535088197902
80,0.23939761125479342,0.24724801502453037,1.193094463125654,1.4382984492287776,0.49517749231316244,0.5624134064890374
81,0.23668955019976173,0.2443522111345684,1.2005356950826265,1.4711442362380747,0.49061099671759684,0.5572268655345568
82,0.2364304459917814,0.24685324085180735,1.2373586145888615,1.5018350745680993,0.4897962572888055,0.55762247279529
83,0.23290104704638648,0.24485001471177464,1.2719881277452725,1.5156234526465613,0.48533825329653296,0.5524903879697614
84,0.2313279550916847,0.24189635689068587,1.287876009007817,1.510882649459172,0.4808759016979385,0.5474106186558462
85,0.23434572873985063,0.23898951979684507,1.29441695534525,1.5153752524090285,0.47654652283008353,0.5423825848773742
86,0.2315175706449307,0.23565707763419746,1.3192432292838725,1.5198221411359885,0.481349701739716,0.5374057135673966
87,0.23180848362298473,0.23471134056579815,1.3346503416343307,1.5242238215864965,0.47693784978014037,0.5324794384805004
88,0.2308236502830792,0.23639381619662395,1.3369803965125535,1.532343750675679,0.4780897831758106,0.5312696709908461
89,0.2292992317973952,0.23496570627012617,1.3247490905355002,1.5366220831721669,0.4828644556924595,0.5264093739220428
90,0.22710145916306604,0.233490963797473,1.3131776489560893,1.5311818731214142,0.47845140684929593,0.5307376663442905
91,0.22621202937853954,0.23161291851731974,1.3103182815545422,1.5263320885427292,0.47408306076671514,0.5258919374521537
92,0.22491723132854619,0.23326863746419013,1.3117169727548352,1.5264233177285418,0.4697589247563409,0.5210952500096101
93,0.2230028975263784,0.23123938423714313,1.3179885629627348,1.5489623876822403,0.46547851196690004,0.5163470639611706
94,0.220783204025772,0.2296242242685905,1.3318783222748996,1.5362837509316796,0.469870401980237,0.5212234402197047
95,0.22122240834323315,0.22777471712477587,1.3560978240793369,1.5314506062402304,0.46562801179316554,0.525591862868083
96,0.22594191503242697,0.23562942271227572,1.3665078943855782,1.5402313983014144,0.47500677843944544,0.5344621408228509
97,0.22253322595707087,0.23295024577809118,1.3794863763796354,1.5462504295806043,0.4706958258921781,0.5386871576246374
98,0.22032532075671069,0.23168401228646998,1.4032452344209119,1.5503643450865998,0.4754947563842505,0.5338031564153705
99,0.22077271079910546,0.23075798887732832,1.3905354430344565,1.5453794601634163,0.4802532155418498,0.5289682732509386
100,0.22112746465958763,0.22541545724734813,1.3779533580348287,1.540444662737575,0.47623580078659783,0.5241819703850255
101,0.2202502506577647,0.22715959107007125,1.3710764416417183,1.529980545718695,0.4955891127869704,0.540984330132598
102,0.21860177480377796,0.22538870924742604,1.3948163982644786,1.5251946647727592,0.49111379664365046,0.5360990817616027
103,0.2156828076265159,0.22246106657154016,1.418318462244452,1.547520551243004,0.4866833266136389,0.5312627873404445
104,0.21217404200585746,0.2202012812752368,1.4211628337615085,1.5449840471782474,0.4913094663300778,0.5444994186535717
105,0.20983165165830348,0.21934555023360783,1.4353774919408597,1.5490806673831812,0.4868860867229204,0.5395971568620939
106,0.20752213564626001,0.21513167819216522,1.4314615994661688,1.5531363470036763,0.4825069132508821,0.5347438870329593
107,0.20736179428170282,0.21349103789998028,1.4365700629557738,1.5481662749192076,0.4873278250366883,0.5299390759232219
108,0.2057655684104574,0.21227773143444503,1.4416275655572335,1.543245783161208,0.48295343599407475,0.5251821965334665
109,0.20328249767931836,0.20978227565529395,1.4376673568448248,1.5563089413317899,0.4875899498061454,0.5204727280298656
110,0.20279139363962684,0.2116300759005496,1.4247882419101934,1.5423669945846676,0.48874383597776594,0.5282050893870134
111,0.20441540568710936,0.2134171170216023,1.4251840586305489,1.551214505869204,0.48436987854953084,0.5234779776579073
112,0.20241672367090968,0.21096590233859036,1.4213827249705555,1.5641672893829786,0.4889798400403009,0.5187978528593777
113,0.20154450491981038,0.2129934233549863,1.4218723241462663,1.5638067503494562,0.5024755265734671,0.532033175388597
114,0.2001080155663466,0.20981359583380998,1.4207579042819054,1.565048949810985,0.49799214871125325,0.5362086466120825
115,0.19922165070337788,0.212168277851891,1.4395038283915536,1.5909978457940497,0.4969489043426171,0.5369487579011328
116,0.19709422393472847,0.21270559986067034,1.4563812796725208,1.6094677935936677,0.49746632579488487,0.5361895525374792
117,0.1953527333346413,0.21363330460652072,1.4565907866725787,1.6086725029879982,0.4930409390196395,0.5314196896708167
118,0.19419284445150004,0.21272025900831212,1.4614200429009636,1.6121502150067395,0.4990288610622776,0.5518752685650004
119,0.19211891655199448,0.21114297175775598,1.4839577537886683,1.6067154976455287,0.49459844390571317,0.5469756768802043
120,0.1900204544579069,0.20946161621307932,1.4707962291980676,1.610203618271352,0.4902117492270283,0.5421244378180817
121,0.1881722513105226,0.2058536600044834,1.46662481472689,1.6047970069908033,0.48586830665496256,0.5373210311957616
122,0.18836745710611394,0.2058498537639007,1.4800108882650733,1.5907787443629309,0.4991507772637324,0.541602998436823
123,0.1909914596318412,0.20829515245053787,1.4846089630294181,1.5943973392260047,0.49715652956780093,0.5432504507705359
124,0.1935625687889032,0.21068982969363165,1.50924826495907,1.6220629020021666,0.49276773454525874,0.538454440254458
125,0.1932748021191223,0.20997913330024162,1.5120746314511568,1.6445526256064371,0.49541392691260244,0.5443576821874333
126,0.18962636671884248,0.2086372260148314,1.515729221919315,1.6483333344537838,0.4910462841799082,0.5395585440416628
127,0.18833397990034842,0.20993343612759516,1.5111870210024483,1.6426232444665774,0.4909838468972746,0.5394587823806387
128,0.18624652110726017,0.2081895580909986,1.4978907909329628,1.6281705683435228,0.495462442720741,0.5347123360547701
129,0.18947629882496259,0.21208782218217145,1.5045155879698504,1.6380172040888938,0.49331884465477854,0.5365907056856909
130,0.18849182113609425,0.21377836579142978,1.5176473682620164,1.6499767127897134,0.4889870344199948,0.5318789272163205
131,0.18764611569976483,0.21278056995832487,1.5131064735389546,1.6530471792796297,0.48469755323959496,0.5272131907285385
132,0.1870037766134659,0.2108473009047961,1.5152686795910548,1.6581923106038523,0.48377933409247376,0.5367904410942418
133,0.1847984605529819,0.21008642418921245,1.5107576821706654,1.6524300666855716,0.47954401489965787,0.5408456790857727
134,0.18626301025054423,0.20635019532374144,1.515036546874236,1.655469878789888,0.4842717554409288,0.5361154965116521
135,0.191223633892754,0.20560998510318315,1.5017994314963068,1.6497429341625784,0.4800405975073436,0.5314313701136045
136,0.18828595226219594,0.20516796454698347,1.4928588785379628,1.6399039080973952,0.47585059851904593,0.5269004026170424
137,0.1903908664708762,0.20229012614427608,1.4886209288784367,1.6517039080473988,0.48042856378947235,0.5310853232643464
138,0.18972711665400235,0.2043985670345404,1.4930755452768385,1.6547379107477995,0.47624355685552916,0.5264625242915381
139,0.18780517739649852,0.20499236085167302,1.5150651092397796,1.674973434083612,0.48489216530842083,0.5353131971287599
140,0.18618721689955844,0.2035255078670814,1.5105873482949375,1.669105496947652,0.4955157285629107,0.5505947239538945
141,0.19045565501428682,0.20139101792795036,1.4974680710893427,1.6719792678814527,0.5085845856609029,0.5544977856589683
142,0.1876736802640397,0.19892867669948056,1.4970782610895614,1.6795751293146328,0.517598094088996,0.562289386297927
143,0.18521869668775137,0.19761364576283727,1.5014373557249276,1.6910199656080063,0.5131117915479542,0.5574157201632223
144,0.18412550021742133,0.19634328345233065,1.5134498234618854,1.6946587884665676,0.5163642942948733,0.5622114058139771
145,0.183088675721636,0.19535869375591855,1.5090083680250024,1.731900949740816,0.5118976280355587,0.5573481518192749
146,0.183088675721636,0.19399149876636898,1.5132513100347063,1.7428593253676423,0.5074740252504699,0.5525317848317713
147,0.1813574863478709,0.19220450017894258,1.5161493024445096,1.7636491645893775,0.5030930325535304,0.556394750984171
148,0.17901108724888232,0.1907793156249141,1.5179144178087485,1.768095291335728,0.5018624754777216,0.5657365780545818
149,0.17742827788449278,0.19201484168923402,1.517803958083782,1.7743572708900825,0.5029124190163596,0.5641113704464726
150,0.18236140765979647,0.19001591639737245,1.5133471781143104,1.7676923160935043,0.5071909924273451,0.5592560188851191
151,0.18145392307991465,0.18818071611458545,1.5175316512037547,1.7696898083673829,0.5121717139737189,0.5544472688771223
152,0.17943187972814706,0.18576151210076688,1.510730153505275,1.7654342245809618,0.5077722189734136,0.5582745146219897
153,0.1776515432719782,0.18372688404602838,1.5208779645736143,1.7614978621213226,0.5106801438002121,0.5633811203620376
154,0.17503843183158063,0.18325487682742916,1.5249853437298253,1.7463970337986416,0.5063022258105518,0.5585514116455129
155,0.17373096969943638,0.18173589211250027,1.5119251377917224,1.7485689280917387,0.501966176704773,0.5537678925821318
156,0.1715585819846288,0.18044816764969282,1.550323274746077,1.7336088859274776,0.5062271508511315,0.5490300804838214
157,0.169709107441543,0.1784532117008693,1.5370725987920268,1.7273387010036083,0.5104474474341466,0.5443374981017961
158,0.16818641848754373,0.17751095622144253,1.5239483077585438,1.7296668189106015,0.5060889930171665,0.5396896735610812
159,0.16843285939467978,0.17812577982374694,1.5307268487580243,1.7377848772942208,0.5045049128692423,0.5409116451482079
160,0.16658661028253588,0.17751838701586312,1.534725730769619,1.7485407650657503,0.5087272434788598,0.5363023001602825
161,0.16872174237953028,0.1763065176549073,1.5386865737324789,1.7506814175948122,0.5129452411861095,0.5317368012018526
162,0.16976107918741093,0.17450636839466507,1.5256009491007294,1.7528017255501616,0.5085863264347746,0.5272146923447278
163,0.170226181327433,0.17332089528815217,1.5211354897509461,1.7549019003078004,0.5213401802839448,0.5227355227745399
164,0.16830467601404622,0.1740958115032496,1.5155102409820778,1.7496968835323365,0.5169153470969289,0.5183585925246975
165,0.17094432610081067,0.17291841170319908,1.5365760732274998,1.7433402508571223,0.5125361193396372,0.5139634626540819
166,0.16985715292143413,0.17190316755205726,1.5489719504894528,1.7539847399388109,0.5166651637838043,0.509609954498561
167,0.16782290099777156,0.1707375379409176,1.5527885480914327,1.7814525084533945,0.5207551412893231,0.5052976370442585
168,0.16600555997227032,0.17147806558376189,1.5469760178340675,1.7759859807753209,0.5163529177331163,0.5010260840929338
169,0.16364257485290523,0.17168739551354598,1.5508018456979327,1.7778777991125063,0.5119922713699665,0.49683121270557973
170,0.16269113340819663,0.17111035828484172,1.5377182761506518,1.7628784696393158,0.5078633206478931,0.5010802843464265
171,0.16149675977256617,0.1696847631380068,1.5500427019841871,1.7733051967872582,0.5204393704871558,0.49685707160954184
172,0.16105245836566162,0.16795070185954736,1.5707811907323497,1.7835233530013024,0.5244771711103697,0.5095132220095446
173,0.15984708193427366,0.16932978788700012,1.5615088402607589,1.7729927623875532,0.5240056773134507,0.5098302532691497
174,0.15918742881508613,0.1681914577628434,1.565193467872554,1.758094359209502,0.528005442840016,0.5055461654676049
175,0.15811332960573155,0.16680795471698875,1.566166512633969,1.7544074520863546,0.5282771211520827,0.5133874060317112
176,0.15973725449422924,0.16515288469641964,1.569804718276759,1.7648532151922651,0.5238664005518224,0.5090820469205415
177,0.15757204892782098,0.16593548352900014,1.5666928831055305,1.7651613538495876,0.5328865923022235,0.5165731245273231
178,0.15708432736892997,0.1638777289855476,1.5703194141908163,1.7671268181059672,0.5284266383421625,0.5122497048998124
179,0.1565960285797223,0.16297799116963108,1.5655509399233603,1.7607128255239264,0.5240084320449983,0.5079667548975011
180,0.15489080122760274,0.16202343205313172,1.56047189709534,1.7463612800803112,0.5196315457068431,0.5120765620240825
181,0.15440898266907807,0.15939330048448275,1.5808281821712973,1.7401333776557064,0.5152955563545277,0.5078036141269597
182,0.15365365347982254,0.15806170313558032,1.5843224040633623,1.750635642707019,0.5110000456896536,0.5035705563929178
183,0.15224970135117558,0.15721940179502464,1.612767079384969,1.7360569065515716,0.5150722815907192,0.4993769811576095
184,0.15177337739566424,0.15944836578220553,1.6450176560500582,1.7674592025612752,0.5148581841040677,0.4994726546817343
185,0.15053361623099543,0.15827191196736853,1.647967929517545,1.7693918590904925,0.5120292169685445,0.5104935604407179
186,0.14866271760024422,0.15688140065755238,1.6425880228948095,1.7630038016425236,0.5077779735814619,0.5145578031541148
187,0.1474012375028699,0.15543704201496722,1.6718171788253031,1.7967659886389467,0.5049475535665867,0.5254973978317379
188,0.14871387481840553,0.15856851843517353,1.671425741131095,1.793274677291929,0.5059395983936961,0.5242547520129354
189,0.14791091271170526,0.15770674277562916,1.690701364644379,1.7949859216192277,0.5100293637331149,0.5199150419150663
190,0.14636631083516066,0.1585622851441151,1.7082295229884108,1.8147892845962053,0.5103386244064152,0.5193796035206143
191,0.1444777766336646,0.15931056359160972,1.7016290602156137,1.8088075926758742,0.5061225507202712,0.5151040212533771
192,0.1436804368063546,0.15808284731114958,1.7254232750981675,1.8303191211472094,0.5019454865461915,0.519105901071013
193,0.14263531493390025,0.15699222290345669,1.734311786438899,1.8333382534095681,0.5044317122283479,0.5246909302340377
194,0.14480080938753978,0.1554974297687925,1.7362938248395123,1.8184441415444732,0.5085421734096591,0.5369455917851026
195,0.1439314935527507,0.1543837866212543,1.7384636906441668,1.8034813529104559,0.5043577121560131,0.5325274173609907
196,0.1426745815903976,0.1533207234670777,1.7406135511051977,1.796876637886174,0.5248721970958934,0.5281499768372676
197,0.1439918171284113,0.15331937973349966,1.7427343947559288,1.7903419751484713,0.5287721971844087,0.5320431921741143
198,0.14301211942818945,0.15235843644871375,1.7573740711634125,1.7795327994394687,0.5480758425502713,0.5532591283447778
199,0.14212904686334166,0.1513789167978647,1.7593625117043907,1.789535137079826,0.5435840875672671,0.5487248937485735
200,0.141469814850568,0.15337447422625242,1.757226415593655,1.787177239337043,0.5391335974735154,0.5442323142936594
201,0.1399978254493824,0.15189699104554652,1.7592120909210434,1.7889179431536815,0.5429030810726346,0.5397809705385183
202,0.1388698852607418,0.1508825920890415,1.7611795567132258,1.7906426839339689,0.538467047533548,0.543541396885673
203,0.13801953649205903,0.14997861656594388,1.763128996027852,1.7923516221518485,0.5340716581872847,0.5391045867297545
204,0.13674448776896952,0.14901524326801424,1.7487513425097523,1.794044916537581,0.5297165047795913,0.5347083916836285
205,0.13581106076584876,0.14807703551289103,1.7632079783994792,1.7833128786540575,0.5488698277600923,0.5557625988335602
206,0.13720454825373188,0.1480734357324936,1.748858408667605,1.776938019356787,0.5525628904907489,0.551239618978643
207,0.13630366824385431,0.14657475827364483,1.7509002391544288,1.7787515570910677,0.5562006421123956,0.5630183255575816
208,0.1342308918939299,0.14562788995384163,1.7610455153075686,1.7643044117787507,0.5516831413589217,0.5584454510994251
209,0.13341354065267771,0.14515567650446717,1.7548704282552852,1.7905586916215022,0.5472068106340875,0.553914251315537
210,0.13224962134948107,0.14450288510443013,1.773069094865466,1.792256389871772,0.5508770808939135,0.5494243096581894
211,0.1313227450844429,0.14303706457421778,1.7678590260938298,1.7847908588057222,0.5464162211524419,0.5530729547502488
212,0.13228645856607096,0.14122313673499995,1.7616473176456529,1.7784421778082549,0.5503396827661842,0.5648163338889197
213,0.13130516196574435,0.13919865882752436,1.7554920181041547,1.7640695882014508,0.5539736402165364,0.5602517360225951
214,0.129729288145918,0.13830733307562926,1.765539533197469,1.7659743685708837,0.5495011429787968,0.5557285526797552
215,0.1285638148490992,0.13710688158454634,1.775495968424838,1.7517310534654496,0.553134602948198,0.5512463716074952
216,0.1282775012493759,0.13638826092609582,1.7853622296801028,1.7617887970300026,0.5567351552041016,0.5629194910286266
217,0.12750466831668594,0.13508131637032028,1.779040613725806,1.76370623039295,0.552253827090207,0.558388383342278
218,0.12654415856297305,0.13675599244839062,1.7968999131999182,1.7816888375447646,0.5478130135639974,0.5539080082005781
219,0.1257813630795261,0.13631927648146946,1.8065646774883086,1.7914757957074576,0.5434123126511659,0.5494583448721106
220,0.12917801335101886,0.14019664797047984,1.802362586364723,1.7908784996142237,0.539055634951142,0.5450527029729456
221,0.1279907659968525,0.14159533611885045,1.8000874179669752,1.7883975552713438,0.5347339360096944,0.5407530401124111
222,0.12905110054523417,0.1415921434599428,1.8095558337314908,1.7742158729393618,0.5463832697993798,0.5445730880379623
223,0.12777130281424762,0.1403357674992131,1.8030784572924747,1.7760224052673241,0.5500127246165994,0.5402158778953087
224,0.12717399554020417,0.1395691116358855,1.796659329642476,1.7698195407359252,0.5456163896677816,0.5358978506250252
225,0.12666564988136078,0.13901407748658304,1.7982830378746149,1.7716575690355636,0.5419873512349556,0.5468611468161084
226,0.12885848625330443,0.1385642509210531,1.8078693516122761,1.7655019169244937,0.5377601129707267,0.5424987364569798
227,0.12808642272109352,0.13767270535457632,1.8094004806784267,1.7753398887054959,0.533474590871596,0.5381754512824927
228,0.12747922635366873,0.1398087097187405,1.8154713287735667,1.7805362658693482,0.5330171522716153,0.5380736008106086
229,0.12652158310070277,0.14144167143421132,1.8328455086184303,1.798188294237687,0.5287779147711228,0.5338031411005894
230,0.12758758923604452,0.1405311854973736,1.8341736072205503,1.8156824281038204,0.524691534219222,0.5295618957733268
231,0.12826824742113502,0.14317422773723945,1.8327167116338874,1.8119811598657019,0.5284656731366647,0.5332978702616357
232,0.12679633270567825,0.1441135160189867,1.8300558130954934,1.8095299516249987,0.5242752250685209,0.5291249980016727
233,0.12582668323343288,0.14322406601979248,1.815558960574568,1.8031172311844514,0.5280436958732811,0.524933515421592
234,0.12765696016304953,0.14186937454798457,1.8170244662951827,1.8204966127950866,0.5317831698468117,0.5286989199424239
235,0.12651015775111063,0.14319799042038406,1.8101422077575742,1.8144331070248814,0.5317434520072868,0.5284677921270597
236,0.13088275190939688,0.14229888437279217,1.8037438611693324,1.8001030650041603,0.5275439455427261,0.5242940556368808
237,0.13518342394341537,0.1409620780872518,1.805292305006906,1.8016802344062917,0.5233819165118031,0.5201574212143116
238,0.1341068711454755,0.14064222910203095,1.795544025651146,1.7908802860503212,0.5192566061611589,0.5239395533333142
239,0.13299275392776128,0.1400221139649587,1.8129022400685229,1.792526925799936,0.5230420511902695,0.5198139753157307
240,0.13218601624903178,0.13958235422079945,1.8143740031755753,1.778426409584474,0.5189276566905128,0.5157249737601796
241,0.134321481178935,0.1387013873759124,1.8315472280625862,1.7880283773481267,0.5148547092475927,0.519532942495776
242,0.1327732533373595,0.1396220150296215,1.8290173435816157,1.7856942452642164,0.5108128105472279,0.5156413373413796
243,0.13515168985590087,0.1395146065009254,1.8225155967116793,1.7873749842509823,0.5146517856109364,0.5115973092193805
244,0.1341311175967651,0.1385166878507164,1.8160712887215598,1.7890408749567253,0.526289305196419,0.507589007564425
245,0.1331180832307636,0.13752596831914193,1.809683861709447,1.7906920616022743,0.5378241056852026,0.5036160853666014
246,0.13216682503278893,0.13912553096168342,1.8153738316863148,1.7959460633464401,0.5420224310597516,0.506966757945123
247,0.13064071879116756,0.13912553096168342,1.8011932079472932,1.7975400116823939,0.5377884732826758,0.5030066342961369
248,0.12988494181365878,0.14095357667697844,1.8165466807955106,1.808728662352209,0.5465551856843928,0.5095546421067533
249,0.1291335192221523,0.13831576042720728,1.8257726458663854,1.8180155751291833,0.5422943509133017,0.5055822561634369
250,0.1282932087281211,0.13768011202936592,1.8427055455261308,1.8272208790858595,0.5380709582618369,0.5016447775933659
251,0.12792054297578634,0.1368188964656201,1.8594897790023384,1.8130046918687752,0.5338846458316981,0.4977418689979323
252,0.1255593790738229,0.13675396299834983,1.8574223354475796,1.8098452075348836,0.5375075028953027,0.5021378634104287
253,0.12464850524526114,0.13836291007302445,1.8548573910985406,1.8072290337268295,0.5374265944702221,0.5019172971851394
254,0.1236500924437144,0.1373727751174256,1.8538391816143354,1.8031114930912018,0.5388706696526335,0.5079249526810162
255,0.12543506118066042,0.1365275528936883,1.8627209708891717,1.8046372146138272,0.5347344205975494,0.50398895842543
256,0.12418570941527945,0.13768676759574958,1.8562582166353587,1.7981922493835685,0.5305948170261257,0.500150279163505
257,0.12338770199165205,0.13642654035927929,1.856416753774529,1.792972400365368,0.5264913653673586,0.5040159580210498
258,0.12282759590011284,0.13597173282401048,1.8575260710889714,1.7945718857292905,0.5372148349495323,0.5085086949550724
259,0.12498267679961933,0.13597068764758832,1.8586221191496821,1.7807245652746218,0.5407908507316905,0.5123057365281268
260,0.12377068781619542,0.13721120800576658,1.8483494992405567,1.7706464607186394,0.5406793897159174,0.5120273609867929
261,0.12307514869331634,0.1364022126380603,1.8341120157201056,1.7647103180740347,0.5365146395406445,0.508083311921903
262,0.12258995215030577,0.13516415336639057,1.8353885420461458,1.7665208981141014,0.54008121048265,0.5041735548270454
263,0.12188714920399847,0.13433999917172706,1.852028817237435,1.7606283308186526,0.5359293799381646,0.5002977614759269
264,0.12272116234172714,0.13718094680397652,1.8468089726249532,1.7611431306452483,0.5394933610768132,0.5041354297795098
265,0.12216120405379811,0.13609543552527528,1.8513910970273983,1.7595688210332696,0.5383386572293879,0.5126274704473416
266,0.12111055084897944,0.13538206347533444,1.875523267631761,1.7460827971135622,0.5418770103969285,0.5086984929355144
267,0.12015954896640565,0.13464070813090218,1.8764763524517447,1.7480269727598818,0.5453847347625114,0.504803525560157
268,0.11932105890358546,0.13619779377729604,1.8969797853480797,1.768641132201929,0.5525413624135206,0.5126098375197918
269,0.12147059577582912,0.13618270778268096,1.8978245846980155,1.7856343331717972,0.5483657148612022,0.5163629852389366
270,0.12084145056339153,0.13497591000108278,1.8986045708666843,1.772003166828525,0.5441796034399781,0.512421176093277
271,0.12190660165913045,0.13835458858479593,1.9238160884697428,1.8026868037040398,0.5400296000140731,0.5085133676733168
272,0.12083809031520343,0.13735000370314732,1.9312475197634686,1.7973390217802454,0.5431501432594026,0.5126415403710999
273,0.11980600889601403,0.13676998906532806,1.925394631004518,1.7976466909198718,0.539016266693059,0.5163507904572349
274,0.11962761322804993,0.1353817025826488,1.9246498809696202,1.7928939258667884,0.5349179531265179,0.5200281305291342
275,0.1211081827819102,0.13415224666519013,1.9252106136225866,1.7868829304851654,0.5384717489295198,0.523697074740967
276,0.12326648911994063,0.13293801642367478,1.925782720961113,1.8036717531776711,0.5344175718356694,0.5273136208293554
277,0.12186070256725863,0.13213479496420644,1.9263453283825003,1.7975794833107008,0.5303663953990203,0.5233162962127822
278,0.12186070256725863,0.13094020869987819,1.919330144654413,1.8066853756648253,0.5263499475442833,0.5193532385350962
279,0.12049142612253304,0.130442625970584,1.9199404442999684,1.8081478779366713,0.5223679001605593,0.5229895230790891
280,0.12187527941977244,0.1292651451240067,1.928103358819988,1.8020400276683064,0.5186840490175503,0.5190368532941405
281,0.12102820753395203,0.1308608759035919,1.924905526156246,1.7997250708744272,0.5185085101527616,0.5190483648709961
282,0.12069954093409098,0.13026966210838625,1.932607717390773,1.8016426554270846,0.5145975369086147,0.5226760564901058
283,0.12216302325168249,0.12871181095494086,1.940650729454321,1.818207713026309,0.5107327862399419,0.518737588978048
284,0.12321120253274669,0.12794765043123055,1.948433991174809,1.8197673509644139,0.5069234313947018,0.5225515381208484
285,0.12237960895538418,0.12672439864067941,1.946941908150354,1.815482450394109,0.5087515707141186,0.5280218853724122
286,0.12345919321391127,0.12634252580408592,1.9473405137591553,1.824381287923628,0.5199785377157895,0.5240550543435913
287,0.12206949031666413,0.12729280239338137,1.9485792466225236,1.8248558097130083,0.516076037802797,0.5206159474218226
288,0.12132228474477566,0.12658611627304675,1.9639600115265687,1.8261689735828182,0.519704313806993,0.5167125690049823
289,0.12308986107349154,0.12583268604111547,1.9642299554390605,1.8199808671334328,0.5158116650645744,0.5128423287962852
290,0.12233439445683154,0.12465081088712783,1.9644976096506166,1.82881052039513,0.5194346699733615,0.5090049164907812
291,0.12149949792429039,0.12411120843062214,1.9572878388043684,1.8450405021546559,0.515551814378249,0.5052000249381297
292,0.12061793688984032,0.12367817088068253,1.9579385885043985,1.8458659022088804,0.5152697839621059,0.512794772507356
293,0.11963897267663087,0.12157755044268775,1.9433319331329009,1.8395555552977938,0.5114257572894257,0.508969209968113
294,0.11873984113046604,0.12085958547076985,1.9586597967422827,1.848204074940419,0.5150669862635947,0.505175982097536
295,0.11775582178991258,0.12013164077113418,1.9440769558645408,1.8418889276763146,0.5186774657289127,0.5014147873385287
296,0.11732431985596868,0.1192959632328462,1.9370550301559848,1.843064937954566,0.5222574822270492,0.4976853271880706
297,0.11843893448373104,0.12220132728176221,1.933977696475743,1.8477760770461422,0.518448339076106,0.49405876596385295
298,0.1178635171954541,0.12159000109561467,1.940815929381173,1.8499809022012856,0.5220229035067218,0.5052373879199176
299,0.11932160597249235,0.12087101691295052,1.9264236262370333,1.8510933829369616,0.5181673072694438,0.5014907525298137
300,0.11862955240141028,0.12039861555061139,1.9121523290063518,1.8447883280811481,0.5217368116503932,0.4977756176600389
301,0.12095337099549375,0.12321315213931484,1.9093845191009247,1.849354966158055,0.5178755554735767,0.4940916920398649
302,0.1200664770523958,0.12221138101923104,1.9158468123589847,1.8594631650188147,0.5185439157545525,0.5007282339915979
303,0.11957000074128882,0.12137834810486905,1.9164683670424683,1.890045132666873,0.5220999460422101,0.4970298597800641
304,0.11745488631588591,0.12163819489399204,1.9060462033771508,1.8797591315061821,0.5182475748566049,0.4933624709501727
305,0.1167393097365217,0.12096616745227917,1.9104902539974982,1.8990076610608584,0.5144274508451191,0.4970970146002392
306,0.1161035280152199,0.12026777692853959,1.9185132579847308,1.899751355131482,0.5106392759302865,0.49343645869900726
307,0.11498672271144175,0.11958863258118418,1.9264692217010986,1.9078453408989313,0.5133794437261365,0.498022813745938
308,0.11739291244762813,0.11855461871266126,1.9270096106542685,1.9011734464248333,0.5096181310656832,0.4943627678005393
309,0.1191467466158775,0.11753154501761424,1.9202036843565493,1.8945572042765992,0.5132379457325512,0.4907332514251781
310,0.12022769174523082,0.116523085989023,1.9061247515893325,1.8879913589811443,0.5095052561968896,0.4944731956006656
311,0.12430861794988508,0.11618736365132082,1.9068125848322268,1.8814849268055864,0.5131046614539315,0.5055044068578669
312,0.12347616074400339,0.11786672304320227,1.9003602290699098,1.874847275112948,0.5093488301116103,0.5018588859391037
313,0.12274437323652841,0.11765775905744887,1.8937763456820311,1.8976999516813289,0.5129367163624373,0.4981890432744548
314,0.12184407818817435,0.11656193693445185,1.887247139407636,1.920362843844896,0.5311051868917764,0.49454967751712947
315,0.12152243813473396,0.11875402799520868,1.8878901050597483,1.921123919130211,0.5272292403271743,0.49094994110822315
316,0.12077475275268115,0.11789153606292711,1.8959980473450593,1.921698972651714,0.5306760202281984,0.48737062416698124
317,0.1217905571347888,0.11722096146518705,1.8967555255521764,1.914985955564214,0.5342847763770673,0.483820954019725
318,0.12085296298376866,0.11650841280179958,1.8902307073429967,1.9083284922379267,0.530397305446073,0.48757668715148933
319,0.12045409640010957,0.1153882648498335,1.87649108250584,1.901726074520466,0.5338107326116692,0.48403261142846726
320,0.11928283677574607,0.11449356288343576,1.8800159647417198,1.9070731566339711,0.5299344711170135,0.48777930365219374
321,0.11835780253337522,0.11599512773195847,1.8663778918111567,1.8932388045423567,0.53402035246797,0.49085965261626496
322,0.12007506130214884,0.11533489889149501,1.867346248811082,1.886765519090514,0.5301503166376412,0.4873024015966952
323,0.11899252329968002,0.11665334749960735,1.8753262413442373,1.895045170156077,0.5335519055000152,0.49103541974373693
324,0.12013186687484526,0.11976461690866348,1.8914584526340066,1.9022712554606007,0.5351727907170987,0.4964698132438431
325,0.12380988136206877,0.11876309043041479,1.9066932420766338,1.8885268252994274,0.5313873609499942,0.4928826830405806
326,0.12309895777758623,0.11788588927810159,1.9100042115530722,1.8939120198738046,0.5367129302468884,0.5018180350558049
327,0.1225096569650597,0.11728972222189181,1.906208302255915,1.89191101991859,0.5383747468265758,0.5143000528098208
328,0.12417521212968119,0.11695688908569103,1.9140875731590703,1.8854860227624202,0.5417115658724315,0.510595225419054
329,0.12348345140242398,0.1187911288999175,1.9194187787447357,1.8887936019648939,0.541634337045785,0.510394270194645
330,0.1225883306398359,0.11854198960433628,1.9097779887810222,1.8782454866385119,0.5377403992483462,0.5139141619864583
331,0.12391124819393619,0.11688052901074589,1.9175692360857115,1.8791587173809179,0.5410338654457049,0.5174828226688529
332,0.12333264574883285,0.1156337363401426,1.9140761066944714,1.8769354247083971,0.5371520160487825,0.520944822246799
333,0.12659504872594424,0.11498589077693674,1.9218596854929006,1.8634821110205375,0.5334097405375062,0.5172108450329366
334,0.12626685224726528,0.11457923022131522,1.922419212170373,1.871620190350264,0.529590239915619,0.5135073372149889
335,0.12525985481835727,0.11385647744304653,1.937280938820462,1.8725385400238757,0.5258018792278967,0.5098340236556751
336,0.12407368260531058,0.11342387474802097,1.9354909308017783,1.8899800841058205,0.5291906085662796,0.5204830940376413
337,0.12343950400176089,0.11253588042184892,1.942511176030424,1.8913449051289697,0.5254126700317899,0.5239064076181346
338,0.12296703001877939,0.11203038544839192,1.928657277856077,1.906383733903617,0.5216654516271025,0.5201699318060048
339,0.12153762911245546,0.11123396043285556,1.929165582230055,1.9284252068417223,0.5179486768412975,0.5164638123364478
340,0.12106330317220007,0.11326113656850273,1.9261268187545761,1.9253598935898424,0.5178050137118665,0.5163633624744092
341,0.12074681156046964,0.11176553196117625,1.9240440615178644,1.921388078706235,0.5141231150347289,0.5198023038688848
342,0.12183499811128946,0.11082213877479705,1.9174801311161505,1.9148430150307407,0.5255823192142997,0.5161098975353152
343,0.12157399727101734,0.11002407547058987,1.925162105753482,1.9154473215358951,0.5218525862439506,0.5124473844887604
344,0.1230150252413722,0.10848925121075592,1.932781942515434,1.9231360292134632,0.5329368759004117,0.5088144967390864
345,0.12216520477328077,0.10753149871448599,1.9261757909450674,1.9165981919643789,0.5362447120088276,0.5052109689117854
346,0.12121017358051313,0.10906617257048419,1.9231702583432664,1.9136409933990106,0.5324507137099168,0.5017073682154196
347,0.12052664652766483,0.1085210195987932,1.937849401616138,1.9283874900242521,0.5357553769776462,0.4981612738046113
348,0.11996232634594578,0.10815051196157047,1.9364527812098125,1.9166066327112066,0.5319724142815488,0.5017047514106856
349,0.1190256261062566,0.10969354095621647,1.9332902839099229,1.913751707508176,0.5318306724319888,0.5016301998502419
350,0.11825150480495326,0.11136676594131949,1.9196666175395205,1.9002657271585772,0.5280829250258896,0.4981084429580392
351,0.11723103689017722,0.11043067087219889,1.920232151500965,1.900967840236407,0.531405144565378,0.49460184044303135
352,0.11662185864014853,0.11018379950570277,1.937430581416073,1.9342564837758465,0.52766787781649,0.4981562052360298
353,0.12090168668235407,0.11018379931962527,1.9378701798810725,1.9206668388594166,0.5239606065320414,0.4946562733506479
354,0.11944893886255005,0.10951694960677658,1.9242687541886423,1.921223658458274,0.5343205575430975,0.4911844047935466
355,0.11883253034211343,0.11135316830902116,1.917805171328778,1.9147471386242287,0.5305740436920012,0.4877463993264045
356,0.11837186864665372,0.11332635544507426,1.9183648954976638,1.9153603396773384,0.5268575177858636,0.48433225927628476
357,0.11962841088942819,0.11152002869743839,1.9049407055527756,1.908954899765106,0.5234951461704013,0.4809430353282126
358,0.12289922965263358,0.11152002571063652,1.9195867009856782,1.8956099100468302,0.5198356536657798,0.4775808920621139
359,0.12289922965263358,0.10971516570645931,1.9131645433275541,1.8893552001469,0.5162052547913971,0.474245589604996
360,0.12389047671759978,0.1132893957845561,1.9279153159251134,1.9038892535906253,0.51260381581521,0.4709368961597402
361,0.12331745915335744,0.11265675941646615,1.9353875210188953,1.8975893353236997,0.5160008648583069,0.46765456489747503
362,0.12331745915335744,0.11205457314692772,1.9358374063174661,1.8913395790462124,0.5124080418183874,0.4643983686196867
363,0.12251135039008403,0.11116709087944562,1.9223719839445208,1.8851395418579588,0.5088438009953402,0.461168076570177
364,0.12168965141737507,0.11055834129407166,1.9301750277746923,1.8995208193281683,0.5185763108530483,0.46554177542959324
365,0.12298160116217052,0.11054855189766062,1.930659750393357,1.9002183424352217,0.5150538550591321,0.47619393303368285
366,0.12458981757184161,0.11025058178004828,1.9242055989546472,1.9078453590376245,0.5114830743414605,0.4728915147689033
367,0.12395407812720123,0.1090686020233251,1.9247307098754929,1.922340008179456,0.5079394702696531,0.46961527674398773
368,0.12313705634152586,0.10849716706260713,1.9183304897480924,1.9159563345092567,0.5060679043071196,0.4785633619758009
369,0.12263022807088496,0.10815926764139079,1.9258094275990676,1.9234516878728367,0.5094830763271099,0.47525445328599486
370,0.12421993903940255,0.10672185347943268,1.9194145440463635,1.9447024632633434,0.5060324447579327,0.47197170761926555
371,0.1226469831409172,0.10586890609704638,1.9337714979341252,1.958884919396602,0.5025405985305588,0.4687148954449672
372,0.12198849877218093,0.10573837095076671,1.9336388868092393,1.9528639656374538,0.4990763135941817,0.4723773318531166
373,0.12136977815624114,0.10545443952037256,1.920322588067033,1.95318857511825,0.49563934853709923,0.4691242334008082
374,0.12076462607144117,0.10496443004979737,1.9208707502650746,1.9466308577952447,0.4922294642532244,0.46589676698721594
375,0.1204570646147035,0.10356399909468296,1.9145417043269806,1.940124765399891,0.4888464239183617,0.462694708457479
376,0.12462293126691329,0.10356399881829753,1.9151284629788496,1.94053587015757,0.4923560224291502,0.45951783579434663
377,0.12392760262245195,0.10314912357742508,1.9288431897108973,1.941529486442825,0.4958380340694738,0.4700842505741346
378,0.12520080238417297,0.10286859735525332,1.929330777878299,1.9419301442356147,0.49930508220527714,0.466863089910374
379,0.12445243688496399,0.10225902556708573,1.9229690848111758,1.9491731150121943,0.49588711117122114,0.4636671991112343
380,0.12362277046416559,0.10125763350700222,1.9215803103185454,1.944597645566777,0.4924959305846632,0.4673349721614603
381,0.12268701655259899,0.10284004714401844,1.9255182989819175,1.9484056784164328,0.49253354996199095,0.4675941753195273
382,0.12271229827731268,0.10256662090980821,1.9263264220454823,1.96210791903451,0.49589223896210094,0.4715276078745223
383,0.12146926366563585,0.10186447985343385,1.9131924800176219,1.9555481431374808,0.49251118171029923,0.46831267182033914
384,0.11997303809473896,0.1013603065694045,1.9069724390455813,1.9422282901609451,0.489156533269297,0.46512284703510653
385,0.11910999274784541,0.10291590762203778,1.8939964329518493,1.9290123854039993,0.4931531253012955,0.46828077948184904
386,0.11867559635279575,0.10488483256362298,1.895010272273568,1.929201679968151,0.4968917792825848,0.4716144853064383
387,0.11979259175877251,0.1075200981090923,1.893633959479173,1.9249808427915518,0.4935301741262995,0.4684245495816765
388,0.12135539750305235,0.1063870605042237,1.9146344927627397,1.9187790959435167,0.49697647231595066,0.4720675417322218
389,0.12098736118419323,0.10543875294430655,1.9016583586597784,1.912552215144583,0.5003856351492987,0.46886817822429006
390,0.12224686683642308,0.10488421900559568,1.9090947562479483,1.8996031488935796,0.5038100678277004,0.46569367399128814
391,0.12117111746250907,0.10431100360474836,1.9086007844072421,1.8946272485816036,0.5004023965047858,0.46930761595287374
392,0.12041890226065227,0.1037667195800468,1.920225705949399,1.9046030467344817,0.5037781980648517,0.47965056736396233
393,0.11982789846434368,0.10321805797888456,1.9207642053674245,1.9119972910692067,0.5003775504038425,0.47641278814629556
394,0.11953287450850125,0.1018637714858473,1.9347856162873325,1.9058472003440785,0.4970032340961775,0.47320007918498275
395,0.11851462197407067,0.10323108138254652,1.9351133063464911,1.9065931351883871,0.5003918229061389,0.4768971039743098
396,0.11979680388113167,0.1032290314483851,1.9355499981395516,1.9004917026836605,0.49703613472684205,0.47368755453183115
397,0.12106130800930406,0.10268632115901055,1.922536636918927,1.8877140503121925,0.493710028316956,0.4705027919275263
398,0.12061504518092209,0.10226920964175903,1.9234058479797798,1.8948359336095784,0.49039396552999165,0.4740592236116797
399,0.12016562239032204,0.1040714211424034,1.9243393470446029,1.895122015289236,0.4871034676212869,0.47133343071961314
400,0.12187107994989053,0.10835891242742524,1.921799895748281,1.8921684528043174,0.4872915797640084,0.4714239323351207
401,0.12300106980758227,0.11089141155155882,1.927049263116194,1.8948613471142512,0.4887542075194156,0.4702379800678208
402,0.12236298332786961,0.11017534079442026,1.9342270969566893,1.8888748970014315,0.4921743434342628,0.46709217852224383
403,0.12104470525607311,0.11111180079637241,1.9247947309874576,1.8794401307687962,0.49556820374056104,0.4709215750663455
404,0.11987053825821326,0.11032017789216894,1.9186203933322148,1.8735686004356384,0.4922595717614091,0.4744539360673173
405,0.11928866912157932,0.10974948194268903,1.9325027126546266,1.8677421004437917,0.48897631456852925,0.471289438335543
406,0.11845100685353853,0.10885250203961741,1.9249043717572685,1.8566821254386865,0.48571821566825957,0.4748122905641625
407,0.1181246482125363,0.10831556779510713,1.9231141839015693,1.8532697281836195,0.4824850605844275,0.4783081720401998
408,0.11734275951850758,0.10748872656090415,1.9169756695512101,1.847595664711813,0.4834534842344526,0.4842502539005141
409,0.11833995133369296,0.10665952469587663,1.904240927348227,1.8552512507250307,0.48024183393202546,0.4810333105437965
410,0.11776841462262659,0.10583842061379305,1.9181494376761352,1.8495753736603,0.4770547077998763,0.47784093177513354
411,0.11667837028035712,0.10531611590634701,1.9385817041558062,1.8505726692748414,0.473891897430577,0.4746729088436252
412,0.11498971037751948,0.10424486504470391,1.9323652496785986,1.8383158772402484,0.47075319635165025,0.47152903493651105
413,0.11471016561473774,0.10627043582253154,1.929546402467613,1.8360354181135392,0.47090476085013194,0.47176603649638477
414,0.11409261428119133,0.1056101407721423,1.9242030791024205,1.8363182383619714,0.4677920759013561,0.47525766802005337
415,0.11343999237251257,0.10502714350024607,1.9181001938955915,1.844002497773285,0.46470305639423337,0.4721193502009778
416,0.11252496789637298,0.10639025893064534,1.9087812317119726,1.8351004134494457,0.4649718683784959,0.47228594949799607
417,0.11188591100690327,0.10801126766795058,1.9061602764380394,1.8328190330621403,0.46512971253389285,0.47256201468127357
418,0.11147951116232517,0.10986423479537379,1.9070242338608463,1.8336735372739577,0.46206747419338867,0.4694532138459495
419,0.11077278461847119,0.10952158532763143,1.90780364846818,1.8345995643042934,0.4622330034605627,0.4763151178391095
420,0.11050726666326713,0.10896514358569481,1.9084094216639054,1.8356863226069924,0.4591959162111894,0.47318550450504926
421,0.11104996164007629,0.11122614801875363,1.9002870272310797,1.8257967442012335,0.47371554746131816,0.4853703761649138
422,0.11044332123161345,0.11045585407404704,1.8943835387412822,1.8203817138533032,0.4706092333667153,0.4821876373912684
423,0.10926755425732901,0.11142857183321192,1.8918013690740287,1.8182816090739016,0.4675263728334786,0.47915444790827294
424,0.1100030345016159,0.11399756924689972,1.888358544941336,1.810533241797136,0.4644668988511983,0.4760382969863591
425,0.11074934227730267,0.11314829444119298,1.8888954000276421,1.8054272433783798,0.4678130316709678,0.4798498463154078
426,0.10957259246283454,0.1127106950840488,1.8765587154844956,1.8001668664279835,0.4712888317317614,0.47671586855148085
427,0.10855196478611585,0.1127106950840488,1.864314853829803,1.8014707047898157,0.4682138438789909,0.4736054712614957
428,0.10804582567431685,0.11436481576946399,1.8651992651007268,1.8027647413977153,0.46516197259891967,0.4705425278470295
429,0.11073414441432233,0.11894865269727593,1.876430630424281,1.8132302592897327,0.4659750219764093,0.4701481451732169
430,0.10992200563276261,0.11833773664602631,1.8902446423061297,1.8079401224920109,0.46294381207931373,0.4670897887301921
431,0.10907797757730561,0.11769020311344955,1.8779607190626608,1.8091882407200197,0.45993533046463597,0.46405436411680995
432,0.10841054686723689,0.1172384784650492,1.865768821984042,1.816919102319935,0.4634414809394233,0.46104167967204696
433,0.10902343519567761,0.11929010208230734,1.85845399859462,1.8133206766319478,0.4693143492903196,0.46863002485528704
434,0.10946604317048389,0.11850840627666082,1.8528919699300213,1.827488439956214,0.4817965437310497,0.4655937134913655
435,0.10857810210507014,0.11965333047866614,1.844036462475227,1.8189947920745329,0.4786780449362754,0.46265852678327973
436,0.1081218644312187,0.11870309281013654,1.8385787730955037,1.8201652038338452,0.4755828278475562,0.4596668947385472
437,0.11017236466330002,0.11840942902779485,1.8267020794773265,1.8277865995549203,0.4725181484645724,0.4566975779188838
438,0.1097382308914792,0.11724893490418584,1.827820415639615,1.835351194858101,0.4694688670238506,0.45375039069888845
439,0.10923168502301057,0.11695986086122,1.8160368087338365,1.8364126540587409,0.466442291471802,0.45082514914255756
440,0.1105263421764148,0.11581148624935872,1.8301023271086405,1.8439065803577173,0.4634382332313888,0.44792167098667707
441,0.11012392327591988,0.11538269349499984,1.824761509278931,1.864212655232325,0.4604565054393074,0.445039775624389
442,0.10908909862165005,0.11474966276445801,1.819460357684663,1.865085427895814,0.47035191563827566,0.4421792840889311
443,0.10800641694080731,0.11371200707262274,1.82260274772336,1.8639685921029672,0.46733175208928673,0.4457610911084249
444,0.10900799807285148,0.11315886460878087,1.8299923560026468,1.8650041745059303,0.4643651313219077,0.44947933001757395
445,0.10831236936137469,0.11260382558868981,1.8374900490168158,1.8594610177670035,0.4677976095912908,0.4465989573550739
446,0.10801680146165096,0.11166245692069007,1.8264936191698933,1.8659956799851654,0.47094905517583463,0.4503973687778836
447,0.10776898563434084,0.1135615836454595,1.8276032686589603,1.8668526964506453,0.4679371291823798,0.4475221564205063
448,0.1071211933947051,0.11291892570915958,1.8350937662909352,1.861314333969365,0.47772555062634753,0.444662916401055
449,0.10590710259325246,0.11264193121462641,1.8297636458883952,1.8558168565724484,0.4746763903919014,0.441824783752204
450,0.1048516916301769,0.1118496015059976,1.8293029476675096,1.8519061005076138,0.47802600161387837,0.45176014758259353
451,0.10430438585279324,0.1112294977342868,1.835629957907577,1.853979667858143,0.48022070540921,0.4563826080086008
452,0.10554922776352618,0.11094452342186091,1.8430235540152247,1.8549247955366115,0.4900710613062539,0.4598897035686009
453,0.10732235236434663,0.11012948779152185,1.8503786630841366,1.8622042462550452,0.4933197250260991,0.45696610132833454
454,0.1066436454831641,0.10928082632614487,1.8449780550276815,1.8503777086293067,0.490186736632762,0.45406398852201113
455,0.10640904643466989,0.10885137943665803,1.858650547966397,1.8513269842165057,0.4870767568430437,0.4511831887736485
456,0.10555721582318693,0.10782086589146535,1.8679410801254739,1.8628890697021048,0.48398959696088156,0.4546616656635242
457,0.1050757542460662,0.10728151232517494,1.8687772512434186,1.8637572291568283,0.48092506998497625,0.45178283738274083
458,0.104132964267712,0.10675796824836688,1.8696072974288884,1.8772699788894593,0.47788299059233774,0.4489250964469383
459,0.10320202904261681,0.10675796824836688,1.8767504212436668,1.865407223704935,0.4748631751220031,0.44608827032431025
460,0.10277351982964718,0.10587654201560832,1.8775284756775117,1.8662568858897195,0.47186544155892296,0.44327218802922813
461,0.10229810647535362,0.10754061988973278,1.887551696470578,1.876769069895757,0.47561401492218536,0.44640765718031883
462,0.10182478917147761,0.10734789761340188,1.8835193942976025,1.8759859804918095,0.4789177637757001,0.4561956360117099
463,0.10113204480737184,0.10684228683198649,1.8716646619980308,1.8767665155938713,0.4759034906547229,0.45332437428882844
464,0.10039948439840975,0.10618678585070075,1.8598963167415472,1.8649660917413748,0.4791988184957203,0.45047403583978424
465,0.10216871579010772,0.10618339823129411,1.848224519850226,1.8595220712768985,0.48249439791864096,0.45394753092132994
466,0.10184409284563545,0.10549365613970509,1.8429018492030902,1.872953726193062,0.4920168561075281,0.4510989770990455
467,0.10147972501135386,0.10690076669980582,1.8413569635593632,1.8700110557585237,0.48893250039511704,0.4494905214837271
468,0.10277836165018622,0.10611876564529876,1.84235047116511,1.85830004562905,0.4859618651084135,0.4466755712544285
469,0.10193274453163494,0.10579741224305587,1.8457411506700068,1.8567821790611247,0.4829215536366744,0.45013732150500296
470,0.10157610512837657,0.10479597089913166,1.8529552946601733,1.8701773390562322,0.48615330565524617,0.44732395303520966
471,0.100871988650992,0.10413530817562483,1.8593508518532724,1.8655104796201463,0.4889784828214439,0.45115790473440753
472,0.10265234487315955,0.10337268555285743,1.8664656909849042,1.8663493627280219,0.4859284623574332,0.4483437914548205
473,0.1020082247614445,0.10300250922908567,1.87976038484327,1.8671821800391841,0.48913179669584944,0.4455500264680074
474,0.1015535936848921,0.10230057536297481,1.8862384531302738,1.8685044851646258,0.48608691578680313,0.4490015177651037
475,0.10087528067226541,0.10130610618507904,1.88072706862561,1.8693222361213087,0.4830640138960932,0.44620924442282134
476,0.10023644173150485,0.10035325113282863,1.8775054457849274,1.8678840765327476,0.48006291358187797,0.4496497441552847
477,0.099663476404422,0.09990196670158524,1.884472124377389,1.8624976188488196,0.47708343897282357,0.44685902661019783
478,0.10040327660293938,0.10223552631329044,1.8789882008801309,1.8571499421635156,0.47412829654886185,0.44409112029671655
479,0.10165185615313051,0.10196744289589034,1.8673497012767946,1.8518407341242118,0.4776369012055611,0.44134040886329856
480,0.10515908259463508,0.10171987355251266,1.8681705155870902,1.8465696888441963,0.4808744208271727,0.45098514296281556
481,0.10445882456430568,0.10315296851205949,1.8689854392109195,1.8475181412008839,0.4810899362874455,0.4512114201054491
482,0.10363106021584695,0.10259836339643925,1.8643486951220043,1.847730138481527,0.47811897952145677,0.4546004478558881
483,0.10272533412366772,0.10112561078552391,1.865185568477592,1.836330940201773,0.47516932094557957,0.45179588211587535
484,0.10400792112032671,0.09968721163278685,1.8660164476171477,1.837339654224755,0.47224078968915495,0.4490114044486991
485,0.10360665577694805,0.09941384575793726,1.8625799934733123,1.842602536533922,0.46933321638506126,0.45240382578599936
486,0.1031526696124079,0.10107808275153324,1.866472664483163,1.8466740522199143,0.46954982567843667,0.45267348971240073
487,0.10254589720999657,0.10083768009082529,1.879582486598776,1.8599055302808656,0.46666459679639366,0.44989196035123796
488,0.10218102057358007,0.10043225296913139,1.8680446155035795,1.848488446747354,0.4699384914919135,0.44713028562703316
489,0.101619569389493,0.0996395894137568,1.8688538178153975,1.8494175751768385,0.47318903711934246,0.4566530934125466
490,0.10093669045544447,0.10104316836289405,1.8635309900005814,1.844213818914464,0.47669454024720664,0.4597937044726032
491,0.10200440676105736,0.1003268785290797,1.8643661995484282,1.8451672522680567,0.47991812042333154,0.4569797022898587
492,0.10134116923340612,0.10172372544206736,1.8651009298657963,1.8462084412982347,0.4800881704838976,0.45722954785081016
493,0.10092248452388415,0.10141693587794277,1.8598169689175683,1.8410398740206866,0.4771558338547638,0.45443682969294796
494,0.10057192738910575,0.10074297112580184,1.872875954496201,1.8542134338240028,0.47734435435057093,0.46076752544930377
495,0.10335553622768377,0.09979961092211848,1.8736507741588935,1.8490064887800717,0.4805303083176215,0.46405480434148927
496,0.10269165406340469,0.09940760374926026,1.8744201924780584,1.8499259813439102,0.48178352780824996,0.46922865666893965
497,0.10325915426282947,0.10156689154869607,1.8671594293584441,1.8406131032257322,0.49516396677375984,0.4804860267184372
498,0.10258413152316578,0.10112803341371823,1.8861991092450887,1.829426870319726,0.498232082195255,0.47756589722814163
499,0.10171138381428473,0.10055620840129396,1.8852717087447786,1.8260094371831628,0.49520712841841213,0.48073779054614746
500,0.1011667368084507,0.09974141129871952,1.876906767956742,1.8179296265501381,0.4922035453554719,0.4838872750507863
501,0.10070296932899109,0.09882331500910549,1.8723598529811256,1.8122071137253284,0.49263402466860967,0.4896609116205217
502,0.10218334994939406,0.09791064206029021,1.885238859013892,1.8133438593910045,0.49571219317720394,0.4866969020141009
503,0.10181300662368369,0.09741666241893536,1.8798856975200977,1.820519732765292,0.4927145531645677,0.4837537787107327
504,0.10227558096429078,0.0968007558814192,1.8806113192915306,1.8155628960714727,0.49680096716775324,0.4808313767436213
505,0.10205901881634535,0.09591197504960877,1.8873668923903053,1.810640928522567,0.49380274563212034,0.4779295325765709
506,0.10184228298117738,0.09547146933762443,1.8880459600671826,1.8178116025702007,0.49082559716815316,0.47504808409054944
507,0.10130543468492564,0.09523356988431665,1.8887202589927445,1.824931920574598,0.4878693557229372,0.47218687057038783
508,0.10057051200721374,0.09460654458102993,1.8872580567942665,1.8221000935104874,0.4849338566804421,0.47536271040923367
509,0.10007368450852064,0.09402696044003879,1.8939467082750763,1.81715847965167,0.482018936848054,0.4725053223901028
510,0.09976779006453723,0.09366721683007455,1.8885785978149465,1.818256434897595,0.47912443444324354,0.4696679488194975
511,0.09956285327524625,0.09332690749540871,1.8948745505999218,1.8197181190508795,0.47625018908036726,0.4728493863111201
512,0.09892783660881427,0.09311148945481719,1.8955045629901301,1.8207985407696563,0.4733960417576022,0.47001561985610407
513,0.09845853601661397,0.09296218164708778,1.9034988395291796,1.8324636521944544,0.4705618348440109,0.4731886193360372
514,0.09791781198634082,0.09226454005930972,1.9080508829619969,1.8414527807396168,0.46774741206673653,0.4763394697435282
515,0.09755173138548576,0.09158228931126162,1.9086002794830452,1.8424001013174482,0.4649526184983263,0.4734933385794092
516,0.09707138138718992,0.09109789872838202,1.914048218671033,1.8444074832309523,0.4670796716995088,0.47770273747550157
517,0.09645248786108042,0.09026193596052681,1.91456075497719,1.8572614277221753,0.4642944439135064,0.4748541636272221
518,0.09624692204054225,0.08943712017575212,1.9150697257692018,1.8521546289938795,0.4615285918652783,0.47202540619043776
519,0.09592911345790163,0.08871472237541925,1.9215263125402067,1.8530344795144755,0.45878196429716966,0.46921631046735246
520,0.09519678463152352,0.08808543093083261,1.9146684255140094,1.843397032515983,0.45605441124904167,0.4723719285668984
521,0.09485257817294376,0.08764191307099203,1.9092359689522287,1.8502664020107837,0.45334578404620957,0.46956638733319706
522,0.09437785155722904,0.08721063341707769,1.9083003973245118,1.852628924702573,0.4506559352875014,0.4727136233830716
523,0.0940116623960191,0.08693805313289708,1.9029165406467565,1.859429848101703,0.44798471883343566,0.4699116622638059
524,0.09357168116893032,0.08645713746737778,1.9034914176481321,1.8543407581860694,0.44533198979451644,0.4671290934398959
525,0.09299195187808025,0.08609370485307288,1.904062319344109,1.8492868596010474,0.4486131581633137,0.46436576622913406
526,0.09430908769285659,0.08531295463512677,1.9046292765996495,1.8501775201618436,0.4460089983182324,0.46162153123629035
527,0.0936257828992497,0.08665760884481062,1.8995312145307095,1.8449156690502746,0.44620643241295754,0.462108463494186
528,0.0932915835130862,0.08631795787387551,1.9000406176863547,1.8400156420690013,0.4552041582449481,0.4654471482998024
529,0.0925025631992385,0.08584191972504593,1.9065215109289722,1.8409582600973675,0.4525221232529143,0.46270476223835816
530,0.09208643887018521,0.08543076959374846,1.9186332216951825,1.8421049953419069,0.4498585555465536,0.46586730870966836
531,0.09140506051849907,0.0868034272366861,1.9161789286746773,1.8400860209155154,0.447213312298394,0.46316812245985756
532,0.09064720219211747,0.08603805361513443,1.9225456072638907,1.8292768231783392,0.4504605412572187,0.4604473388854384
533,0.09045607308347606,0.08584516843568939,1.9406053960424057,1.8302786981436592,0.4478170505048089,0.4577452414299804
534,0.08932055419734942,0.08565220895464438,1.9526787050750745,1.8254111456665056,0.44519169952522847,0.4550616859096361
535,0.08897690172439396,0.08724918168173919,1.9641268152679152,1.8328327737739296,0.4450355099998405,0.455893725212617
536,0.0886941625054939,0.08686572123861502,1.9627894607923955,1.823656406760222,0.4432053001754007,0.4641544212808182
537,0.08869416250549389,0.08647578163226874,1.9805419297310787,1.8246871335146277,0.4406147690866747,0.4614414427631386
538,0.08817663061991853,0.08574220742966031,1.9748163991540535,1.8140325131871646,0.43804195373161225,0.4587470173541491
539,0.09334017592425904,0.08535857807103724,1.974963302978265,1.8151173197308714,0.43548671848034487,0.4560710024503577
540,0.09294981329174705,0.0851449908926135,1.9917748251540333,1.8403214767238398,0.4329489272390798,0.45924073917773367
541,0.09614207731940373,0.0847630031680088,1.9918228926734678,1.852894203012055,0.43042855683899256,0.4623890379945609
542,0.09739534599207272,0.0838228400275581,1.9976767137747447,1.8537593215195867,0.42798503947404287,0.4655252717509043
543,0.0981591909913776,0.08585119319495257,1.9954638014255837,1.856835394407003,0.4272902925268534,0.46683885713250534
544,0.09758342488053154,0.0853671300451789,1.9954901305162238,1.8518621340011823,0.43061442517916604,0.46412922209731566
545,0.09827360055132092,0.08743209723061195,1.9955162806238649,1.8527210992451915,0.42811767085672536,0.46143814159687135
546,0.09794149582960861,0.08693909601920105,1.9942492255600617,1.849074635534959,0.430137341640683,0.4658508545919332
547,0.09753714397446361,0.08674712894734522,1.98849567174215,1.8673085131127463,0.42764820885525995,0.4631550536859733
548,0.09686583508451654,0.08803225024811363,1.9800213484530447,1.8592732934837413,0.4251759537561913,0.4605638640902012
549,0.09646650259501487,0.08745328268661427,1.968586189594467,1.8658612987663243,0.42272044761841765,0.45790398319825704
550,0.09556471279087946,0.08697360576874935,1.970919994660253,1.8702521467063256,0.42389849775503036,0.46318416828549314
551,0.09458967041257564,0.08661966883635261,1.9653238725132554,1.8594725155150702,0.4214552606351727,0.46051449910931336
552,0.09415516488410806,0.08616785187624297,1.970473940467521,1.8610892354532724,0.4239789374491492,0.4644284075921357
553,0.0936778574026864,0.0876826465171773,1.9646828981361195,1.8563447316101267,0.42708366771637263,0.4677415035103992
554,0.09348746674747585,0.0894817275882202,1.9591393804625759,1.8514237755493332,0.4246294458527509,0.4650588907786659
555,0.09282429234773272,0.09076702315191398,1.9621881048948244,1.855203278102871,0.4250059209409692,0.4653393801802004
556,0.09251480242603828,0.09033078762134479,1.9690480348870798,1.8493906057459415,0.4225685184619911,0.4684056506859746
557,0.09192754345835603,0.08994747258733184,1.974954619155468,1.850253485015661,0.42587676930232093,0.46572203637494036
558,0.09159037227940194,0.0896971913054218,1.9737297400627827,1.8410317376095506,0.4234392524332868,0.4687799903253818
559,0.09132404237556001,0.0893060364217132,1.962444337129552,1.8476584928143875,0.42101810911033943,0.46609959747803603
560,0.09083350144503298,0.0890256070543758,1.9626588584798563,1.8485286813114357,0.42432530614914454,0.4634371943306786
561,0.09028461655596964,0.08843809902130399,1.9813429232903643,1.8708667222331095,0.42325578191947977,0.47085356994326144
562,0.08989165178802672,0.0880299953762012,1.9926545555475672,1.8717989509271895,0.4208429370485418,0.47387006328907566
563,0.09112556325714155,0.08728346094152868,1.9926963877071477,1.872529053343445,0.4298941422347948,0.4827358991339345
564,0.09065726921746534,0.08668818948117546,1.998427227972069,1.8903221359947366,0.42744835068802844,0.47998947561840405
565,0.09175025417418654,0.08668619593620765,2.0039910156381717,1.8797070511392848,0.4363084491265773,0.4830737610088125
566,0.09157327001001946,0.08641364935399452,2.008709557429097,1.8813267832102254,0.4395090450556208,0.491686747912114
567,0.0909902324754958,0.08583183948230715,2.004954068116728,1.8800337677839627,0.44442821492468243,0.49850234365386026
568,0.09162035822110666,0.08814742624430313,2.00315409514821,1.8768188897320435,0.44190986981573255,0.49567758337327045
569,0.09120811394475457,0.08801601540080224,1.9974753276217017,1.894498944625079,0.44506916919305,0.4928715959604768
570,0.09096861076917681,0.0877004285495898,1.9974896052862448,1.8950955799313207,0.4425521898214546,0.49008428170519586
571,0.09063070483515784,0.08713169436166528,1.9990532675437378,1.9054379725404667,0.4400519461027498,0.4929651025463487
572,0.09208315502782773,0.08619329140674081,1.993414655678096,1.922903541928872,0.4376304094941222,0.4901828296016846
573,0.0915835777178325,0.0854713640712986,2.002164738907324,1.9315402251227085,0.43772658691312205,0.49613197785775154
574,0.09250437269691274,0.08490900109661402,1.9970684961904623,1.93137720791551,0.4363773909630876,0.503582340959377
575,0.09179827184274401,0.0841657191686221,1.997084991905128,1.9317633517076807,0.4339218741377655,0.5007486586083465
576,0.09324897216748466,0.08398515620749653,1.991487170097166,1.943382571628624,0.4314883536459102,0.5035575676885982
577,0.09256909237723959,0.08366734438774553,1.991534976497026,1.9437005241133645,0.4330944462129582,0.5079320504529676
578,0.09204133229103127,0.08342034979314147,1.9971926597496812,1.9496265678682123,0.4362748956908758,0.5050824537011115
579,0.09150201090875544,0.08297870927945052,1.9972083937280005,1.949908890072992,0.4338297557583977,0.5078562613799217
580,0.09099963434276871,0.08252272943172445,2.0028230075515725,1.9557883330449217,0.44259871737353995,0.5050127824679553
581,0.09021654674045788,0.08356589345649543,2.005326174815619,1.9591100560707666,0.4426420486880195,0.5056426547854677
582,0.09004909444136712,0.08304164661216484,1.9941208194548978,1.9481629469945816,0.44016865482549583,0.508405023221027
583,0.09113348073989257,0.08286302167899771,1.9941536382864102,1.9428701005230398,0.43773012613071444,0.5055669986580561
584,0.0906582933601599,0.0825064420097716,1.9830329763705377,1.932035428048686,0.43948791005187826,0.5097020582947499
585,0.09188767694218583,0.08164169617286916,1.9942696178899963,1.9212719454267388,0.44271431385688764,0.5068624782502125
586,0.09146618206943771,0.08086221601873964,1.9887360199321928,1.9217101056542765,0.44581588196202493,0.504041540021722
587,0.09128520354828848,0.08018391751974839,1.9943585744818368,1.9165854641658573,0.4433371779195245,0.5012391055338756
588,0.09234035917137103,0.08018195933287159,1.9998047699919137,1.906079547972225,0.4518988855943897,0.5041489178704641
589,0.09170268140405953,0.08009434646369837,1.988708215502365,1.9066006955508525,0.44939138052038946,0.5013514868302235
590,0.0927100449513638,0.07958030524147325,1.9832275360974239,1.9015751605318214,0.45877263006861874,0.49857235874630135
591,0.09227327990290615,0.08103672476401257,1.9777826851680755,1.896582478603706,0.45877604336813355,0.4989318900409056
592,0.09161188696953335,0.08063873973447928,1.9668412009773797,1.9026868021255132,0.4562380037426345,0.4961717003456193
593,0.09107966073727412,0.07981474027544284,1.9778296751513813,1.8979460713035585,0.4537165277904146,0.4989561920609193
594,0.09076068727405244,0.07959571763485788,1.976564392182282,1.8888549261839842,0.45121149348576245,0.5017225270964389
595,0.09181767621754792,0.07909470723480137,1.9822092798807667,1.8894679608049596,0.4487371780113019,0.49895521345244886
596,0.09263748468116564,0.07860111704162397,1.9933275343350643,1.88456689201791,0.4519482760768701,0.4962059139492105
597,0.09384404138916048,0.07794796902128308,1.9988688690570653,1.8962115165935793,0.4494703495936074,0.4934744961802614
598,0.09330352948832923,0.07746258417346964,2.004374192840496,1.8912831566367374,0.44699866558630463,0.4907608288130516
599,0.09368106912952436,0.07924157602237282,1.9988565555208413,1.8863867970503463,0.44454654582662584,0.4880687246536477
600,0.09315285358488812,0.08063440631890818,2.0072173918502783,1.8951201076380113,0.4421068226552752,0.48539641296015873
601,0.09452485896316289,0.0801385762483089,2.001695190566346,1.884729863410418,0.43968291408950155,0.4827351635451337
602,0.09416464077216503,0.08002760847923898,2.007163056848613,1.9017926686569189,0.4372747043342037,0.48009115011449566
603,0.09496895619590011,0.07969778705986777,2.0071238629174704,1.8968583507382941,0.43496011928545814,0.4774642465623619
604,0.09452556356244561,0.08117144256774096,2.001972812074307,1.8916018392646443,0.4325825369139822,0.47485432780130027
605,0.09411758617819557,0.08069884698893753,2.012883527584878,1.8812722853665735,0.4356810585721828,0.47226126975338545
606,0.09376477579102577,0.08024754913916403,2.001902671750786,1.8873752652874891,0.43330429368327444,0.4696849493413399
607,0.09358675969838508,0.07959325588512015,1.9909926351220226,1.9097883861295888,0.43094285734463833,0.4671252444797587
608,0.09492861139484104,0.07926795891652963,1.996486061280899,1.8993907598649362,0.42866453049189923,0.46458203406641635
609,0.09447946697402193,0.0785433726261471,1.9965051734000343,1.8999379679801818,0.431771992639737,0.46205519797365674
610,0.09420082621703947,0.07822503763183736,1.9910906538799928,1.9059151645915202,0.4294259557653086,0.45954461703986293
611,0.09591820291708897,0.07790711138730283,1.9802945217077887,1.906414201408285,0.42710765530003486,0.4624840824583336
612,0.09553537204817011,0.07749292591529773,1.9826838022544075,1.9100619126243836,0.4310720547876973,0.4699636936798752
613,0.09532842899966172,0.07722799927169365,1.9773603755341582,1.9105491281624898,0.42873683720341926,0.467417791041872
614,0.09649856072030505,0.07706951292955454,1.9720710789967013,1.905621401940581,0.42644173658747403,0.4648882109958707
615,0.0959485406012977,0.07673225761288985,1.9830348920714502,1.9007252422850165,0.42413621816481484,0.4623748352097551
616,0.09529069123649012,0.07636932953652889,1.9863093754915637,1.9088805814819774,0.42565503408015115,0.4668699789369999
617,0.09484445110071049,0.0757965770429678,1.9809876377793854,1.903976619108175,0.42335836682388184,0.4643509320381963
618,0.0941476078441115,0.07545394425187717,1.9864803325117484,1.909884419713903,0.42107637461498654,0.46723819515988946
619,0.09322568116958296,0.07505010585080489,1.9789654242277714,1.9018029062947384,0.4210118342267738,0.4732889687246062
620,0.09289924499057367,0.07487139886812118,1.9755540390054294,1.9058556916508858,0.4187470244829355,0.47612238141954977
621,0.09425084497617126,0.07411544281331316,1.9810464250810715,1.901000617701818,0.41649664965752425,0.4789442630627061
622,0.09595430983300082,0.07381610733774249,1.991885573545282,1.8961634190743024,0.41426475288087455,0.4763729567989516
623,0.09559276447827221,0.07331157205238083,1.9972924241200838,1.8913569987212298,0.42276957466238724,0.47381801132084117
624,0.09508362599861472,0.07447909827211932,1.9979211185689412,1.8913249172771336,0.42050438814340246,0.4719666768975649
625,0.09812237257734545,0.07300688379048155,2.0139900888749565,1.8865539987921705,0.41825367435818206,0.4694404213206693
626,0.09766090101935238,0.07270400894308099,2.0176151712906556,1.8888079977768397,0.4234169436358533,0.475572210093696
627,0.09709698137564401,0.07227300715888393,2.017521072459155,1.889401976530082,0.4211550843001639,0.4783736612645179
628,0.098604415904355,0.0721298738820528,2.0281007308555026,1.8899921917860265,0.4242512524601394,0.47582078170969383
629,0.09813293679566468,0.07358678377476853,2.0282365917868344,1.890292997681717,0.42732071100826696,0.47867673437078256
630,0.09765607361940452,0.07504568112780347,2.025897832521469,1.8877397436637502,0.431609956415306,0.48559138296511123
631,0.09841511381050315,0.07475062432483649,2.020539237956313,1.893557837688009,0.42931353474537215,0.4883782387848025
632,0.09794669650929626,0.07456708355116583,2.015114789402141,1.9100694377022491,0.42703161446614846,0.4857823732533895
633,0.09925211797717294,0.07412624288770706,2.015034530411545,1.9158569299671424,0.4247807089041508,0.4832028862430442
634,0.0987961999649395,0.07394953287529266,2.0096501204976103,1.9163032800832218,0.4225273929905096,0.48063966072393405
635,0.09954756390107412,0.07606396528650967,2.009598981084428,1.9167468187046186,0.42028830665118777,0.4780926168548266
636,0.09920244765299699,0.07571890499955816,2.009462810276882,1.938449151841416,0.42691515728085344,0.4825918598821961
637,0.09883559141392496,0.07517950258887739,2.009412763680386,1.9387746799215182,0.4246573025855274,0.485328310857621
638,0.0999540320781836,0.07459056648707162,2.0199299928092826,1.9443816433567345,0.42241363394792036,0.4827640881222902
639,0.09948093331789275,0.07429363958620566,2.0092683987211584,1.9552316077597816,0.42546225019086137,0.48021596280794454
640,0.09889164275148392,0.0736598838133342,2.0060562513430296,1.9586309439142724,0.42321881997844185,0.48295674465744337
641,0.0985443331229599,0.07343276278751984,2.0010699503199953,1.963803260572758,0.42098944968891744,0.48568034960468653
642,0.09820803333620068,0.07310138602546865,2.000392155363092,1.9857154620789175,0.4277687425075826,0.4899169744626677
643,0.09772514429725968,0.07253981506670919,2.003153450937558,1.9882843297262256,0.42551990697240866,0.49259854681644255
644,0.09772514429725968,0.07225741576947257,2.003136889408454,1.9935977336288608,0.42328512975111254,0.4900114809856062
645,0.09723083716670258,0.07204619347990335,2.003120431324741,1.983138073080224,0.42631093665006714,0.4874405742928529
646,0.0983513553527793,0.07176464165319918,2.0031040759539787,1.9832264528706542,0.42410412034153416,0.4848857123243344
647,0.0980864435063558,0.07335484754610531,2.0035574333082193,1.9828446708175262,0.42426671662508886,0.4852069981834728
648,0.09754248007170041,0.07306890490027211,2.0087697338288693,1.9933962270476429,0.42204741598310463,0.4826689244662376
649,0.09704688761059534,0.07288682263385386,2.008723905998859,2.0091077787668397,0.42506761172579416,0.4801466507172914
650,0.09687899244557602,0.07249768227618598,2.0034579054484127,2.0090602319924304,0.4228485642104007,0.4776400654049623
651,0.09855337874066453,0.07221489952758468,2.0138703514802847,2.0037977407896648,0.4206472332416118,0.4751490578688522
652,0.09820521447114736,0.0719671253103248,2.0242181411426725,2.0037779544565253,0.42366567696466195,0.4726735183124224
653,0.09786898648410705,0.0717082412597771,2.03970654966929,2.0193727504728076,0.44227985288554206,0.4702133377956464
654,0.09734840679057194,0.07285679106447165,2.0398894356230306,2.0188826747476196,0.4399801667586394,0.46843776567109935
655,0.09694532189395241,0.07240510471077694,2.039682233115876,2.0239790108183096,0.44288914533132484,0.4660045028791606
656,0.09658817113025814,0.07201985263534172,2.0290978553257006,2.0290438070463273,0.4405908922224602,0.4635862988911497
657,0.09788539702524511,0.07187804404207737,2.023762968650199,2.023709200559385,0.4383666391545265,0.4663695975894512
658,0.0976808344864346,0.07148386077449487,2.0220811431304457,2.019966313611409,0.4376551598029369,0.47275329541770916
659,0.09728222587167243,0.07104996320273377,2.019182735068716,2.0174734969569292,0.4381750373061231,0.47787062073938663
660,0.09994640908226918,0.07325383993831278,2.0146951812994907,2.0166030791568383,0.43591745178724034,0.47540717158942664
661,0.09957489685951025,0.07311153456852724,2.0042926101431804,2.0113540042760256,0.43366665853941544,0.4729524791989433
662,0.10047675680458576,0.07268631860008157,1.9991122814104871,2.0009790649060313,0.4367069844818268,0.47051290203542767
663,0.10028894518473677,0.07433941727491813,1.9965599813638597,1.998377863202303,0.43702658834477026,0.4706863228667727
664,0.09967478190368043,0.07392616193491601,1.9914298095844387,1.9983862137688295,0.4399247082402585,0.4682632858838649
665,0.09930583049909612,0.07349723981346958,1.9863311485279536,2.0035372483212766,0.43766229192393813,0.4658551317645949
666,0.09879560645484461,0.07304015221140588,1.9881178992328083,2.006940144803549,0.43541376027211165,0.46859935182890133
667,0.09972055676297184,0.0728974866011411,1.9830464235555942,2.0017720647022306,0.4331924840816753,0.47133783818648894
668,0.099277586891998,0.07246241064173993,1.9846318390139734,2.000264489867343,0.43097136317978074,0.47404846364928754
669,0.0989122777961823,0.07204341104507318,1.979588352468479,2.0002631350959104,0.4287638393261266,0.4716202900379997
670,0.09854957808819348,0.07190719066823578,1.9700746505016367,1.9945286813955856,0.42656981798184784,0.47432405433715896
671,0.09821800236099935,0.07158368550790248,1.9753395992776899,1.989444679369212,0.42950117658607956,0.4718993234083093
672,0.09932050742065761,0.07076348193898958,1.9805514332522922,1.9895195490515947,0.4324503607275265,0.48480998426525046
673,0.09923142419796138,0.07042638527982788,1.9926436842960402,1.9877835036478926,0.43024410384575174,0.4874383588045252
674,0.0987924565351804,0.07008994273793262,1.987584518606742,1.977652450321804,0.4331479549724963,0.48495405203914194
675,0.0980687491053167,0.07131931238481933,1.9825561686213296,1.9726746700997635,0.4309425543490235,0.4825074290386136
676,0.09763078144485272,0.07074949519793196,1.9826448962368,1.9779001348990755,0.42875057573938957,0.4800531669733604
677,0.09709903600458435,0.07209866637592305,1.9878144755632812,1.9830938242143203,0.4265719263136772,0.4776186269270384
678,0.09670643127982137,0.07191184836502233,1.9878763330921114,1.9781033328415403,0.4345591387587323,0.4751940855674552
679,0.09635169421413022,0.0733890730005998,1.9803315422620986,1.9706069330212637,0.43235538566832193,0.472795561505188
680,0.0959983124659488,0.0729737460389801,1.970298846163823,1.9656896733694993,0.43016499981711837,0.47040029885145235
681,0.09675794588073426,0.07256244260638198,1.9603269542882575,1.9658633215792827,0.4280363967746196,0.46801955294201164
682,0.09786806352149137,0.0724251870906864,1.9605275431001532,1.9710919659634152,0.42588064048709323,0.4656532237534062
683,0.0991434506458584,0.07201565220212668,1.9607269182505747,1.9762889744642147,0.4237453034423042,0.4633012120261996
684,0.09838953072652468,0.07173161427312512,1.9683841836058025,1.9840873606535356,0.42160710764231096,0.4660093649779486
685,0.10128226726749898,0.07146115256734144,1.983666262734491,1.9740857701222518,0.4245227447863415,0.463660257300191
686,0.10078828277837136,0.07119831115603552,1.9837485172125517,1.9691804067442644,0.4223849060155972,0.4613253273425311
687,0.1003779164381888,0.07104443192306399,1.9838302756689057,1.9693354548960547,0.4252907896859376,0.45900447778475395
688,0.1000484006371949,0.07066421008032057,1.9839115415058348,1.9644637665855866,0.4382307690288847,0.4566976120474265
689,0.09978997781364066,0.07220338855670405,1.9839923180997423,1.9646421861586338,0.43603050920409014,0.4544510055599959
690,0.10103328264809322,0.07152924386343937,1.9740482153354741,1.9597966438853172,0.4389007345810959,0.45720160459199594
691,0.10228113624006772,0.0711271837033194,1.9691675057369533,1.9549873453119138,0.4417262998119287,0.45491068282358765
692,0.10195796605857568,0.07075167969886166,1.9743275843560546,1.9552126669217171,0.4395151331598881,0.4526335185887554
693,0.10148253620137168,0.0703262200021193,1.9776013436998978,1.962292730090743,0.43731723402986833,0.455370753833982
694,0.10075480589019584,0.07019467435810228,1.9877047169531368,1.9774683188829736,0.43513251182798507,0.4530958409822249
695,0.10166974042705018,0.07191209592220547,1.9827753350892796,1.9725900242662786,0.4379516780921351,0.4558254295347264
696,0.10086331104086008,0.07151099223229333,1.9928327255294909,1.9826981961833794,0.4357681577846867,0.45355279505967117
697,0.10037828448216841,0.07129201169152331,1.9878876511306818,1.992745918471547,0.4385784684907966,0.4512937515595068
698,0.10030973584416435,0.07105097571325053,1.9879479196917762,1.987806218609521,0.4413719867618204,0.4490482065103325
699,0.09986267233292831,0.07241855979035978,1.9879537637206823,1.9879208964281947,0.4466612698726376,0.45432421893047975
700,0.09953130994479713,0.07220677870231793,1.9885930472004758,1.992367268878506,0.44444321564872197,0.45703396466562
701,0.09908351863990572,0.07185299502664584,1.9856061468935118,2.0004095126236714,0.4422383818926529,0.45972755925982894
702,0.10051740840381028,0.07158584245233451,1.9856774818400298,1.995451551850333,0.44004926373640907,0.45744918107922256
703,0.10140228385778884,0.07145227813981692,1.98574839230952,2.0004250489189688,0.44282412104483687,0.4551843603377859
704,0.10245297565455115,0.07092315491017036,2.0006569690777365,1.995476917314891,0.44559477066975867,0.4529330051548034
705,0.10216569168879296,0.07039428007535668,1.9939551345874598,1.9923156831188693,0.4467423428763091,0.4572279016509538
706,0.10230492002609058,0.07013362072883242,1.9939885878715613,1.9972861462250346,0.44454499074095827,0.45991071952365
707,0.10454030942583609,0.06961659833544433,1.99401815924818,1.9923683875503015,0.44728404050936027,0.462574231585041
708,0.10536315986243851,0.069487143906907,1.9940476274987415,1.997332267743935,0.45495060197322607,0.46029545922629383
709,0.10506007573030172,0.06927667543674815,1.9989982821475112,1.9875026748658366,0.452711625880333,0.4580301791620297
710,0.10451829360843534,0.06914532326973052,1.993970542975517,1.9827638973501682,0.4504858954404611,0.46069474233816926
711,0.10398411962191335,0.07045746679982234,1.9944937308017354,1.9823549789714943,0.45318484934592534,0.46339802672815733
712,0.10516897046292291,0.07032665712379324,1.999427366883338,1.9775349374484708,0.45587717754719953,0.46112430920411596
713,0.10590669274150669,0.07197791554490716,1.993388931343942,1.9689811529488404,0.45478215013796747,0.46262630162805063
714,0.10689478732439549,0.07171240209513927,1.9885244890414577,1.959339415547719,0.45746440937474286,0.46036090599007345
715,0.10634382411147646,0.07144831376137632,1.998364468571782,1.9546464028015065,0.4552265295698059,0.45810885675217583
716,0.10578329447465538,0.07100314811801268,1.9934854298236324,1.9499810156241026,0.45788885475751545,0.45587006427375165
717,0.10543602248041797,0.07063336283982388,1.9875228980901196,1.9513374054313206,0.4581666788899696,0.46577757588670177
718,0.10472932562440129,0.07024044524675477,1.9883066599697834,1.950851838196852,0.4615322525720764,0.4725374810997828
719,0.10553184123481628,0.06985763931202955,1.9932360270289744,1.9413465222991686,0.4641876060650996,0.47023509301299676
720,0.1048146740275971,0.06960210774330063,2.0127390410584027,1.931896974305877,0.4619281624206911,0.4679462130894405
721,0.10614484486734045,0.06960032911800049,2.002961871376267,1.9273553876714982,0.4645613102918954,0.4705535901128153
722,0.10563131842449483,0.0693167290592795,1.9989289052104906,1.926869061221121,0.46230456563953687,0.47312553342310215
723,0.1053194572218392,0.07078303750839839,2.0044142879244458,1.9314496604107676,0.4623306886715703,0.47349141130496536
724,0.10478347205342564,0.07208488076203984,2.002043677395143,1.9292831170201885,0.4624384769136005,0.4737165560038593
725,0.10443930964540932,0.0735034871215935,2.0046130010763528,1.9318896402354684,0.4624627977302142,0.4740071524290892
726,0.104294614958773,0.07329342821575627,2.0097514060127706,1.9415736758222617,0.4647413007060365,0.47687443842014954
727,0.10379140800995001,0.07288324011781326,2.0193714096765714,1.9466896523626873,0.4673285104967358,0.4745694329757873
728,0.10496124545219702,0.07248534768086805,2.014449132494561,1.9372895985988483,0.4650719036879861,0.472277861651497
729,0.10579218138220073,0.07458168408729893,2.0123166274377495,1.9396549117409725,0.4628284596142459,0.4699996649269561
730,0.10544752477688986,0.07431008818790227,2.017218651896128,1.939803430653996,0.46385820409006184,0.4741127176586905
731,0.10484066746447984,0.07385222181537564,2.0171357566014243,1.9352789601659757,0.4616250639603529,0.4718302094989266
732,0.10769690993505544,0.07385222163577333,2.017053342842298,1.9355902335057742,0.46421436314473724,0.4695609603412307
733,0.1084613558444623,0.07331887945269233,2.012180670050061,1.9358857832468925,0.4668177830565878,0.4721373703918655
734,0.1080264050048687,0.07299287020143665,2.007690809204925,1.9358250653895885,0.46900852219814626,0.4750394895243872
735,0.10945066328696888,0.07295319239018493,2.002858876765199,1.936132787704339,0.471556830585332,0.4727616492398312
736,0.11066890497625187,0.0721948103651501,1.9981070297519028,1.9459671425567422,0.47432207335813076,0.47532199883192744
737,0.11141998573832176,0.07180342790083782,1.9885451403833525,1.9510111894589448,0.4720522173779559,0.4730473577343315
738,0.1107538769447907,0.07150421419534218,1.9845271162359714,1.950537485133014,0.4697954815992266,0.47556655547923843
739,0.11316930886101031,0.07111735858882373,1.979825100697017,1.9459978011042574,0.4675518220659157,0.47807120892784616
740,0.11286279797866529,0.07072746822786796,1.98096229826535,1.954756791103981,0.46532106726056705,0.4805614038191622
741,0.1125426953193881,0.07045874303493944,1.981053039003398,1.9597388073965314,0.4726359155003534,0.4782708701682173
742,0.11198669105936031,0.07173961965587526,1.985904863387203,1.9646921217622397,0.4703854092941779,0.4759978815668969
743,0.1141927908119,0.07173961827599049,1.9954856061709758,1.9553463815706593,0.468147937378761,0.4737336323832249
744,0.1148850686923059,0.07148168196140547,1.9955070589890118,1.9650627651393022,0.46599320066967576,0.47148240623904425
745,0.11606122831650369,0.07103121519714124,1.995516164247277,1.9604935054510273,0.46378097111070893,0.4740036848116347
746,0.11548633756998507,0.07039652963323105,1.990794831248601,1.960680868874219,0.46158144439110155,0.4717556758701754
747,0.11518067667600233,0.07014385872391089,1.9908384440291864,1.9561292995246218,0.4688702527471652,0.46952056456072944
748,0.114233039629204,0.07001824318677441,1.9814155621699703,1.9610700672279866,0.4666510324924088,0.46729826630061844
749,0.11371809938427264,0.06979349302917516,1.979788902366498,1.9582402859401788,0.4721867724997226,0.4762600145378041
750,0.11341539676751584,0.06942988346221504,1.9893317038864813,1.9678848759167384,0.4723965121479941,0.48101746055184086
751,0.11276190423340685,0.06936662330175267,1.9799441585349375,1.9680364253959999,0.4701672993560618,0.478747565985242
752,0.11230216727688622,0.07067341906504433,1.9729099538666448,1.961173178521032,0.4702505264836041,0.47904765078925493
753,0.11337071988406731,0.07017061167570357,1.9683280190999313,1.9660655498150164,0.4727974743420191,0.47679156832515823
754,0.11289900126913308,0.06985319154600532,1.962866003095862,1.9671314229162618,0.4705730527166484,0.47925316385633876
755,0.11210548628841639,0.06944130612516768,1.9583404306756798,1.9672859087174661,0.4730614155661241,0.47700062311478203
756,0.11208924636997018,0.06919404086045908,1.958539411879229,1.972131550614385,0.47084771759941857,0.47945969128939986
757,0.11178991306988612,0.06903763001531553,1.9587338916954748,1.9722622735771125,0.47749409665264314,0.4824278366929552
758,0.11103161771039072,0.06873041379268431,1.9636132927496566,1.9677062263526828,0.4799425734015509,0.4801671668448227
759,0.11162049347363584,0.07051287129311193,1.9567058257243275,1.9655725237383195,0.48237810341835424,0.4826018047201
760,0.11268077373285385,0.06989158218888869,1.9475807567863512,1.9610310779320796,0.48014797026170286,0.48969816664347854
761,0.11355826195611152,0.06964421093637332,1.943153669020103,1.9518691604573213,0.48258861501357553,0.4874103017336276
762,0.11319397057333248,0.0689112115657639,1.9480863093426761,1.956761122789884,0.4803362193796487,0.4851354017434467
763,0.11410616650206515,0.070801364512244,1.943665709686378,1.952300075468679,0.4791764089549838,0.48645626443865
764,0.11350386729864423,0.07044354201767776,1.939270119551165,1.9525222614775253,0.4816024026257133,0.48419035360260854
765,0.11297463003930161,0.0701977583892992,1.9302460376716473,1.9527431915045297,0.4793613432339083,0.48193725159679107
766,0.11250849567407084,0.06982346441796214,1.92127292550729,1.9483141853807764,0.47713294176790483,0.4796968755357287
767,0.11365714093183935,0.06912551095625616,1.9170371874652623,1.957799608279862,0.47978219584460247,0.482141646432535
768,0.11452785863225051,0.06864667960109282,1.9267008855770673,1.9626347929970258,0.47755629422400697,0.4799047983763842
769,0.11517837046215267,0.06841015212252745,1.9315587489003438,1.9629245957200925,0.4753665652879187,0.48243194028008657
770,0.11743285910901359,0.06829143429454924,1.941135902203276,1.96772639037015,0.4731655559682534,0.4801982173508823
771,0.11632392794942646,0.06829143429454924,1.9321571725229354,1.9863776835109048,0.4709769273326876,0.47797705911993044
772,0.11567878802502428,0.06797061729904753,1.9324706660655755,1.9864406305963072,0.47261267720342565,0.48119806641156304
773,0.11519111911805836,0.06785213719228918,1.942014921314982,1.9957357463975673,0.47043097368352876,0.4789767304933862
774,0.11478103502905292,0.06749108448103222,1.9330590337337898,2.004978705934722,0.47287315917557443,0.47676785881829054
775,0.11407572701312738,0.06701404311344453,1.928410059251968,2.0006990672727043,0.47069461465192325,0.4791784090761166
776,0.11451997291628281,0.06884993751412055,1.9262876647942524,1.9939428660813514,0.4697556176909164,0.4803512599296263
777,0.11402999856713025,0.06849294190100942,1.9220287488550098,1.9985685487135243,0.4721935927793697,0.4781426850828438
778,0.11364039815813594,0.06803675470535732,1.9177936519149656,1.9939818863016063,0.47002469550542714,0.480539699623106
779,0.11324875115558126,0.06781529697884654,1.9273481607155047,1.9894208548318004,0.46786791834748237,0.4783346728286771
780,0.11298758578761908,0.0692392078089301,1.9274322275676161,1.9897183238156888,0.46572318368480886,0.47615197204911613
781,0.11263412521997689,0.06888201367715913,1.9186055934215465,2.0035038435617336,0.46359041445072985,0.47397144440456646
782,0.11198903794753616,0.06855191087048766,1.9144030636313623,1.9989129126689393,0.4660444352831251,0.4718030718962001
783,0.11245884591686958,0.06889825836147499,1.9232681661893667,2.0041549701995565,0.46920565276373805,0.4782041403735423
784,0.1119579047017651,0.06852565174814912,1.9144869843725163,2.0132675205932227,0.46706337212974003,0.4760207748002896
785,0.11169828346128129,0.06994635441829253,1.9194382231022409,2.017768201835715,0.46493300406963184,0.4738495502618328
786,0.1113499999167099,0.06958682080729799,1.910692037762957,2.01768723857025,0.46281447262902586,0.471690389347121
787,0.11090994106426075,0.06928220110296138,1.911098575085721,2.0176067247791463,0.46332387964629573,0.4760312054228437
788,0.11004937023097397,0.06894830908149154,1.906955323400414,2.012979123669108,0.4657644325139263,0.47386643736364503
789,0.10972528118827435,0.06851266567291597,1.902835035641323,2.0083771709865657,0.4636484699737739,0.476256656178007
790,0.11009510754882675,0.07014385763061504,1.905344843152622,2.0062703222543323,0.4648480181099945,0.47533015333964107
791,0.10959159829408797,0.06983292350603698,1.9041729552120064,2.0033090274637555,0.4656733039105577,0.47931000620518355
792,0.10916134359966562,0.06953061764704892,1.9046069923243716,2.0032940396205188,0.46615349016894697,0.48360839157641716
793,0.10887531215225009,0.06937526158059408,1.909563484674009,2.007803987586995,0.4685690671566739,0.4814201346893705
794,0.10862541702367821,0.06918552531433447,1.9009316267648686,2.0168093718249747,0.4664509801484248,0.4792439566096209
795,0.10966425340835033,0.06871713139403193,1.8968631885989153,2.012217651506879,0.4643523060442082,0.4815990460731766
796,0.10932482985615793,0.06871713139403193,1.8973284695718091,2.0076512352363394,0.46225747404594564,0.47942640887742044
797,0.10916285208187394,0.07017747585489939,1.888777609072505,1.998603173227532,0.46017417679999245,0.47726573485194806
798,0.11037549255529763,0.06982033792363938,1.8937806492115636,1.9986094621400547,0.45810234140836853,0.4751169483912392
799,0.11001696226317957,0.06957920911484461,1.8942584010331787,1.9986157164806309,0.45604189548707985,0.47297997442284995
800,0.10937569416902362,0.06905810030667099,1.8947335286644573,2.0076085157497734,0.45399276716214715,0.4708547384032938
801,0.11110193428608033,0.06882470649902571,1.88622845145849,2.012063161252375,0.4564437489825164,0.4687411663139571
802,0.11077075380917432,0.0701501306691619,1.8798694221899575,2.005425346539406,0.45678181713350646,0.46875379792306165
803,0.11043065204313945,0.0714701299841686,1.8825119307054061,2.0077765279287783,0.45894420016339676,0.4714300321193044
804,0.10950528938938038,0.07235715414917875,1.8851732261104275,2.010081582712681,0.4592301206311138,0.4714811878382856
805,0.10933760353920638,0.07235715414917875,1.890157482018539,2.0055656299079727,0.45717695820664805,0.46937325237146194
806,0.1117289335600238,0.07416926832638855,1.8822364220856365,2.0005532013782257,0.45513501821083424,0.46727683870484965
807,0.1130886805043671,0.07355042123943252,1.8916753423729988,1.9916372675135152,0.45311224230013986,0.4696564277634054
808,0.11257657778836264,0.07320643112771003,1.8879389953141636,1.9914362603382991,0.4595309060591576,0.4724969950857603
809,0.11460958166473614,0.07475289091703229,1.888438006494357,1.9914743949404958,0.4580087830900638,0.4743328155668442
810,0.11522516643393547,0.07438089846016128,1.8844857183590762,1.9870637411200678,0.4605322752840413,0.47670336525185636
811,0.11483472696208781,0.07414685000696573,1.8849990793408475,1.9826770972868197,0.4584856080008382,0.47458483147297614
812,0.11521774583642497,0.07538283705680186,1.8957048190828125,1.985877911793193,0.462972471649183,0.4837145592933874
813,0.1177270590120749,0.07525842550277523,1.8872968849592837,1.9815052919355245,0.46091907395480075,0.48156916191496096
814,0.11734650219538223,0.0750459189088943,1.8834758665428848,1.9814768026564324,0.45887682363663373,0.48386623661604095
815,0.1170893030658167,0.0762495717464478,1.8839748442991828,1.9815755974968101,0.4568456543510714,0.4821013682549987
816,0.11727149711808797,0.07773653700065122,1.8877037179261733,1.9828632247535372,0.45482565754894666,0.4799709822427344
817,0.1178384696569084,0.07957040633706002,1.9014524402941162,1.9961915753054755,0.45598291897614895,0.47913566493042103
818,0.11735697062581579,0.07927110834286594,1.909725503190633,1.9971964910683857,0.4539706052563436,0.4814343090330802
819,0.1167348038380891,0.07892363059080891,1.91453222151135,1.9928001278983762,0.46519534377183897,0.4793117984908056
820,0.11622738021612322,0.07841879901806112,1.912005701579209,1.9913304689521436,0.4631464762225797,0.4816050741515301
821,0.11702925156064675,0.07803474142421815,1.9079929545326433,1.9869686997169622,0.46111423201873625,0.4794860530362387
822,0.1165026032577004,0.07765297640451464,1.9215839231830691,1.987025979015171,0.45908739670449633,0.4773784640756363
823,0.116152946296913,0.07756719167832853,1.9263193812475725,2.00025631972738,0.457071487296457,0.4752822363337432
824,0.11579512082816723,0.07731035424365879,1.9228295785717597,1.9996814808399235,0.4594531705159683,0.481970768299272
825,0.11659742033991564,0.07680671729241334,1.9187854164376414,1.995300526777691,0.45744438984293184,0.47985860373913236
826,0.1158863230003502,0.07652153395431682,1.9147630016637986,1.9953211009293705,0.46419765166529237,0.4777577972804059
827,0.11703196884948078,0.07639656934056184,1.923882981654227,1.995341564534196,0.4665462518301809,0.4756682786525737
828,0.11668221465280426,0.07589948003695454,1.9285847764249262,1.9866234731241117,0.46450780741405545,0.47358997807091935
829,0.11607314300789272,0.07583761526073003,1.9201667824848736,1.9866818597315123,0.4624802979388603,0.47152282623284414
830,0.11546131572482926,0.07544395944796957,1.9150608471089616,1.979112502348592,0.4604636559003201,0.4738272471774281
831,0.11484584043914006,0.0750609646135344,1.915430853487507,1.9748473565488995,0.4628139488097644,0.4717631919353277
832,0.11581808819876983,0.0749385432614595,1.9114470992653745,1.9706050347418604,0.46080137513665936,0.46971018203233045
833,0.11678194709553516,0.07445225248553348,1.9074846459028016,1.9663853963374562,0.4588049043252453,0.47201862512422543
834,0.11619773814776035,0.07545474617098279,1.90760615612904,1.966811679330794,0.45912396410132345,0.472205910602536
835,0.11591849610180961,0.0750517045786831,1.916684519068671,1.9626169301706635,0.4614706871972742,0.47015712965661327
836,0.11506339019596362,0.0745275393980875,1.9257144588519168,1.9541101471801694,0.46380489308717976,0.4681192767205976
837,0.11477427020022657,0.0741264685509987,1.9303661968869312,1.9586389297267521,0.46462570202846126,0.4719233172939759
838,0.11512801127113466,0.07359163231725324,1.9274869065701528,1.9706498520739542,0.4679230904762258,0.4794452233378823
839,0.11457492569782413,0.07332145964980792,1.9212351804184455,1.9686989235347887,0.4659009961694888,0.48169476150271606
840,0.11519184628984033,0.07251209267131475,1.9215262226079408,1.9602488369326523,0.4682188711191666,0.4882739419077832
841,0.11597957385869168,0.07228207509255731,1.9304902441266327,1.9517946947888418,0.4662032090165298,0.4861681187937819
842,0.11560939346257108,0.07200367530167709,1.930789725495448,1.952002386365476,0.4685030616289342,0.4840734733463719
843,0.11530267531770186,0.07180946730773959,1.9483043118174628,1.9522089764138006,0.4664865432478517,0.48198993721449807
844,0.11608981448597393,0.07135552851499706,1.9442267253194367,1.9567143429689093,0.4644807111467483,0.47991744251455987
845,0.11700401361715887,0.07090603068108298,1.9358751563605272,1.9569002796937363,0.46261393122011507,0.47785592182690173
846,0.11640109983507138,0.07064886767091678,1.9322166063799882,1.9567276801621318,0.46062872523736775,0.4800965883479281
847,0.11612547200933296,0.07028102505405108,1.9410811752204988,1.9569131882087072,0.45865401402855255,0.47803841858477225
848,0.11565277728716035,0.07138163653290719,1.9389715241362167,1.9551769932901961,0.45668973365180177,0.4759980080205066
849,0.11529614953212651,0.07112349979332348,1.9392326299300837,1.955368765189868,0.45473582060107726,0.47823991156089796
850,0.11492429332242456,0.07091734332099323,1.9330659910866925,1.9534375947696074,0.45279221180290863,0.48046999208783564
851,0.11425608788755377,0.07069507175293568,1.9504313003185079,1.9450966559139773,0.45085884461315767,0.47841844417215096
852,0.11473752994412001,0.07216107367039634,1.9547080069377063,1.958328024497591,0.4489356568138093,0.47637770912454835
853,0.11448558291645718,0.07196582357813858,1.9591623578810502,1.9585056032072932,0.45128393269576983,0.47434769883832156
854,0.11511894086536772,0.07354860077191656,1.9571944698073966,1.960823985922766,0.4525622026659341,0.47338604688875685
855,0.11486861712899642,0.07480310611877887,1.9509142665746289,1.9546943471506346,0.4526809475529193,0.47361923030542474
856,0.11440254005780139,0.07457174188938889,1.9553713925036942,1.9463896694865548,0.4507576957874567,0.4716070205454028
857,0.11401431275065674,0.0742024138268708,1.9569643406839938,1.945213680244358,0.44884452923674956,0.4738496972281715
858,0.1148179775476151,0.07588276908904242,1.9497123740990594,1.9401601434712552,0.4469413983924205,0.47184054215773785
859,0.11447974527152181,0.07568848997230464,1.954161239729086,1.9319419072793997,0.4450482196317562,0.46984189424540235
860,0.11391555719056591,0.07531515248427988,1.954355211981557,1.9237666616753868,0.4516281859645996,0.4678537015021123
861,0.11433895070927733,0.07490956953725157,1.9545481703621135,1.9156341471930016,0.45085122974263997,0.46587590082654085
862,0.1139944114559125,0.07472448038398855,1.9462937889071896,1.9159904381974386,0.4489472101404893,0.46390842954371947
863,0.11346641852681547,0.07569614278923838,1.9403950656692188,1.909813341752759,0.447053126560198,0.4620248117956852
864,0.11330197370850993,0.07700382105941911,1.93851306509123,1.908111945024525,0.44728490160421347,0.4621875072642438
865,0.11281052906650949,0.07655440131882396,1.9413298348355477,1.9101514785827305,0.4454016015813413,0.4644519751151315
866,0.11232993944121344,0.07606876553982124,1.941576619568735,1.902116794827061,0.4519407198860487,0.4624983474674881
867,0.11309930298354909,0.07572047981296694,1.949981882134224,1.8985704515305322,0.4501410282616076,0.4689590876367097
868,0.11489205537269546,0.07530842286797067,1.9501918533366696,1.8989962429270175,0.448251406482162,0.4711883859290961
869,0.11468698713378742,0.07517381907295134,1.951238921500425,1.9027753428186671,0.45056527847810257,0.4775997740548241
870,0.11551091883659854,0.07692612583280017,1.9472536913017524,1.8989931515337026,0.4528671480638929,0.47978838573282817
871,0.11507514220783151,0.07664761724059739,1.9432891238371475,1.8952305702609127,0.4509717504766476,0.4819656420049035
872,0.11444081867313166,0.07634512326092459,1.9393450953891616,1.899849771255865,0.44908617227143866,0.4799504738502165
873,0.11501628258304385,0.07803569149058258,1.938522545701014,1.8971670327033014,0.4482862725573024,0.48104691613945316
874,0.11611041768387999,0.07791527604550792,1.9346062873610033,1.8934233422716746,0.4505913179775453,0.4874014060169618
875,0.11664339215640482,0.07899714159267356,1.943944194746472,1.893139554438938,0.44871297390892806,0.4853699674113388
876,0.11637944557513459,0.08020701016255913,1.9445923852389595,1.893169821123462,0.44882286918017306,0.48557853267372825
877,0.11589999286131204,0.07995102874938582,1.9483095398040098,1.8859673317498025,0.45089137708237326,0.48794322533598194
878,0.11540437385434417,0.07953182297161548,1.9526805053115974,1.886441266694089,0.44901741251628935,0.4859152683578354
879,0.11471374305466892,0.07923016038145927,1.957028953881345,1.8827607811518354,0.45130508066020386,0.4838977583578542
880,0.11561306002474539,0.0808956975219614,1.962346318851008,1.882255770100831,0.4556244617299499,0.4839949987634059
881,0.11669816707356831,0.08089419227208457,1.95422308766636,1.8785918709410436,0.457891787601933,0.48614938131146795
882,0.11761696881845773,0.0806461677230274,1.9585449978312917,1.8749620302347167,0.4560078373063748,0.4882800509118877
883,0.11694936163462114,0.0802775857948521,1.9545810267484782,1.875479112789552,0.45412206054606785,0.48626081550143907
884,0.11769579141738877,0.08179792086099306,1.9579074775432899,1.8769860005403898,0.4522460099329687,0.4842519909839842
885,0.11724935855439454,0.08156086784700507,1.9580811993493594,1.8733665550184864,0.4503795265518863,0.4822534143828073
886,0.11799914762395161,0.08143596347900665,1.9541321439125134,1.8738875375171917,0.44852664843500023,0.48438922148172725
887,0.11874304128393584,0.08094123767546044,1.9502021731295252,1.8702880858982815,0.4466834875895159,0.4823940728011561
888,0.11826731991072233,0.08077139192705651,1.9545218590360358,1.8749366006016412,0.44896026267831984,0.4804091278676393
889,0.11786129137248356,0.08028140171737154,1.9547088044901617,1.867229362204749,0.447114736928765,0.47843432633284033
890,0.11840434656912277,0.07933732402848517,1.9631079104450602,1.880094265049392,0.4495295959033682,0.47646960824861256
891,0.11790608075562888,0.07897998977488455,1.959156805486774,1.8764837196715756,0.4476854218539106,0.47451491406408053
892,0.11733142745635498,0.07835930462084502,1.9675209005402428,1.8810882855627968,0.449949001752381,0.4725701846227443
893,0.11688385281636998,0.0781864232593839,1.963559621982359,1.889763653232644,0.4522010515260697,0.4706353611596068
894,0.11653300502518338,0.07778807792167164,1.9620169276731183,1.8878161153106885,0.4503514750163707,0.4728005494044379
895,0.11630711468432411,0.07897415378311598,1.9584028515481695,1.883871633059836,0.45071274173293435,0.4727579174043455
896,0.11580491515150144,0.078625419352917,1.954490658820629,1.884345668119175,0.4488729359481654,0.4708281233898882
897,0.1156869169947536,0.07848517200100517,1.9546762419091885,1.8929731203094207,0.4551982956179591,0.46890812773504126
898,0.1150758943669076,0.07803332571532909,1.9538318699478403,1.8903643076755803,0.45638871495906047,0.4721007225157412
899,0.114945274735042,0.07792341913269835,1.9524887743278179,1.8882717238064741,0.454531320447433,0.4742491481637753
900,0.11470890983923591,0.07765867729629733,1.9526819405563718,1.8805945838840161,0.45674903060188143,0.4723209950157631
901,0.11427682523699059,0.07754284409687301,1.9528741291449327,1.881079564854489,0.45489388369708234,0.4704026005074694
902,0.11367687545034452,0.07745633526033505,1.9490077724914896,1.8856196665707357,0.45710569173671445,0.4684939074612
903,0.11312042885389337,0.07728798050814155,1.953267988177557,1.894190344856475,0.4552528056856502,0.4665948590751575
904,0.11286162176761173,0.0769809485185868,1.9534572278842484,1.8946188174884806,0.45340927479411175,0.4647053989207218
905,0.11260283899670707,0.07651571558322182,1.9536455128919445,1.899090547361787,0.4515750443666277,0.4628254709397524
906,0.11242960258700455,0.07623734398955692,1.9613340168698534,1.9041213186179038,0.4497500600665886,0.4649963948961258
907,0.11351011931340443,0.07589739152849637,1.961492497726607,1.9125807119896323,0.4479491179102034,0.4671575709076201
908,0.11427070965570883,0.07567108102799605,1.9535812085042454,1.9129333002722102,0.44615089021867727,0.46527338391218187
909,0.11500633709036197,0.07522604894708061,1.9537682423248544,1.9132841154695295,0.4444227018619364,0.46339867205914476
910,0.11441604423996386,0.0749417074835562,1.9620048208293661,1.9216836523915224,0.4426337928298372,0.46555862239059287
911,0.1137441798494712,0.0757719006932869,1.9621576077661371,1.9219985795773231,0.44085386540762084,0.46371208386035817
912,0.11336908778908317,0.07683679604516538,1.958623679170732,1.9179634763119247,0.4390828673472459,0.4618528067531218
913,0.1132086477103697,0.07807919821488611,1.9568658519096165,1.9162033974921178,0.4392997676366042,0.46204384293481243
914,0.11294776058516497,0.07783569817813812,1.9610479576205042,1.9245576994652918,0.4375385386802058,0.460191429036029
915,0.11398996201111848,0.07773978778782735,1.9652070835270798,1.9208567419213949,0.43981212498224237,0.4623555018720675
916,0.11368506254053803,0.07885693327434692,1.9674973905321018,1.9230234752299151,0.43990243316329675,0.4626608070788684
917,0.11368753139022335,0.07921262973069738,1.9665988846094555,1.9203624232660137,0.43955652934447975,0.4638592362121636
918,0.1133915349392858,0.07906253395090529,1.9627390921328642,1.9166872607827725,0.43780130594001043,0.46200696799766783
919,0.11301666507639294,0.0788020602406146,1.9628877325116791,1.924997965284427,0.4400440163740205,0.4601639401524214
920,0.11273578553861484,0.07844248801402148,1.9608545610736978,1.9195075527427794,0.43829035717961695,0.46231528964155444
921,0.11256848647115528,0.07802099999386762,1.9618214833767222,1.9229981408674663,0.43654543244850313,0.4644559238884121
922,0.11209934379411565,0.07733991593496692,1.9619733280418474,1.919327166822189,0.43480919173343874,0.4626086767854361
923,0.1117878237027488,0.07700281456963173,1.9581511648659207,1.9196477003788703,0.4330815849144629,0.4607706155858885
924,0.11126134668886933,0.07667036791304123,1.9533949453456467,1.9169504076246544,0.4313625621965561,0.46291096879936866
925,0.11217170780723461,0.07655780411739183,1.9496144348394782,1.9133144111610862,0.4296908325861086,0.46504227346370386
926,0.11178599395938865,0.07760270872696104,1.946045286794213,1.909503844422819,0.4279886764375301,0.46324202153130567
927,0.11148039093953196,0.07743904981184296,1.9423014152292633,1.9098619731385709,0.4262949576925589,0.46140879149854697
928,0.11206696524714814,0.07721555131925918,1.9463881399153045,1.9103131471203139,0.42462778753794517,0.46363289646620287
929,0.11170109676685644,0.07694611784208893,1.942650394517604,1.906717879351616,0.4343376122223354,0.466212838333883
930,0.11131670286998407,0.0767122321610931,1.9456296804083522,1.9082784536290296,0.4381299388466407,0.4707039678042882
931,0.11075855308391123,0.07651259871574051,1.9458439861087529,1.9086399826835672,0.43928871147663756,0.4738461283975103
932,0.11030633724729072,0.07627757193808647,1.9430937219205069,1.9080255847265155,0.43755894456193356,0.4759179402500891
933,0.11004331197974507,0.07741122270696817,1.947716686246862,1.9118557115567962,0.4376882218716555,0.47618762932563846
934,0.11218258341879364,0.07718680999552625,1.9439923620286965,1.9043425268344851,0.4359682536594105,0.4743163136191359
935,0.11274907291229415,0.07631891938028601,1.9520639574096206,1.9164956405194036,0.4383201137786381,0.472454214813957
936,0.11217177348036757,0.07586381170783801,1.9522519594412615,1.916823139169373,0.43660105088886925,0.4706012802068727
937,0.11197821249231135,0.07569269968217501,1.9481537284557586,1.9175163210696875,0.43489044151656275,0.47267547221791234
938,0.11272577314584854,0.0753673113928217,1.9444425611532044,1.9139250716044143,0.43711246997477393,0.4786572082392277
939,0.11257206115381482,0.07493682556251176,1.9407496145195915,1.9103514540490651,0.4354032786582236,0.476785569244408
940,0.1123054627647585,0.07450999464197706,1.939543889159047,1.9082325417287465,0.4337024722557209,0.47882939044955203
941,0.11215200419924298,0.07419212907928188,1.9397798115158098,1.900785904619054,0.43201000299223224,0.4769608190725527
942,0.1125701836999761,0.07542912054919058,1.9409680836948768,1.9041176563914735,0.43032582831442723,0.4751017800828587
943,0.11300103953390288,0.07651723306190514,1.9363256181716453,1.8976797162029717,0.4345246203240234,0.47524820570738696
944,0.1123582176889785,0.07728264801174956,1.934409295579221,1.8963511872107515,0.43283402214111993,0.4734932215208509
945,0.11190163743999999,0.07706611727091964,1.9268906418296798,1.9006408446805632,0.431151684721145,0.4716528500991947
946,0.11264069327129364,0.07642599094663938,1.9310574298062577,1.8932608257112842,0.4295061871031767,0.46982146412725345
947,0.11384035743710622,0.07621305954305138,1.93908291986848,1.8897958402723471,0.4278424989080786,0.4679990126268143
948,0.11329343639999086,0.07579743817350004,1.9354438300668206,1.8863477454349418,0.43005969664761157,0.46618544494497915
949,0.11351537076788015,0.07713632826901452,1.9406521714639922,1.8934431374097476,0.4284024224469711,0.46438991571880744
950,0.11291225092004262,0.07796241814270878,1.9448834985235162,1.8975882523197347,0.4306130247684409,0.46654030022246
951,0.11269223297243282,0.07904847104107687,1.9394849757606367,1.8920047582516677,0.43244517822580536,0.4690251231813739
952,0.11193764569816364,0.07871546014130114,1.935858861435894,1.8885619025221057,0.434635760004557,0.467214834819439
953,0.11282555951120854,0.0783905523886288,1.9361061784665,1.9044148899269406,0.4329598804058176,0.46541333599685225
954,0.1137078782657876,0.07839023651388058,1.9325023222835898,1.9047810829162444,0.4351450461724382,0.47132651820782745
955,0.1131689804964893,0.07829402743173122,1.925065818653674,1.8974512539820347,0.43347055518834593,0.46951279652526495
956,0.11263863822807262,0.07788822007953956,1.9291981615197196,1.8901569290930065,0.43564845031001753,0.46770786010319654
957,0.11213755883752519,0.07763520373672615,1.9234567387921935,1.8965921064726325,0.43439225500896994,0.47317564190246036
958,0.11256582584521706,0.07890849314765287,1.9199138098575672,1.893152246235396,0.4327256755327691,0.47136029450864586
959,0.11344119334964142,0.07879970244139495,1.920220760979969,1.8935617680004573,0.43490047885064553,0.4733894603316186
960,0.11375004170715323,0.08003588672767709,1.9214020215685241,1.8892645920011275,0.4370642684985297,0.4754058934774659
961,0.11430591533314308,0.07960105409880858,1.9140524631513776,1.8896881662145395,0.43545121092452815,0.47358741751733546
962,0.11387942851559028,0.0793369408731933,1.9109768050792924,1.885871228720857,0.4397277440365566,0.48112230911721254
963,0.11360555902678733,0.0791676577130173,1.9117548121117507,1.8896862053343995,0.43804910127671326,0.48310310357664116
964,0.11315814823541463,0.07905918688778335,1.9197186352895637,1.8824796153764196,0.4363785380660324,0.4812607204523551
965,0.11301354107239339,0.07891988942533652,1.920024493801632,1.886737180295498,0.4347160091487326,0.47942719796048705
966,0.11256853708558862,0.079850476425975,1.9185362875389855,1.885154832208038,0.43485406451866077,0.4796314388960522
967,0.11212553276048955,0.0796320024000827,1.9188460304915418,1.8893937187439318,0.43320065372008537,0.4778077746714007
968,0.11164632242459664,0.08033778336258078,1.9137489509064811,1.8838239253439235,0.43316209264116945,0.47869749435185605
969,0.11221958338789904,0.07990111433315228,1.9216654873453387,1.8842647697613477,0.431531166946651,0.4768810177783042
970,0.11258027012842428,0.08178499469405703,1.9199840448804772,1.8828910673225745,0.4298953215844504,0.47507325904686004
971,0.11213274126528602,0.08157437493302935,1.931648192955121,1.8757604808133814,0.43205433162984735,0.47327413692523096
972,0.11140869782686416,0.08135406153486244,1.9281235290626457,1.8800137670535464,0.43041975935911403,0.4714836195665577
973,0.11097838426315841,0.08114415657235416,1.9246157094511425,1.8842467269446843,0.4287929986685588,0.4697016590457545
974,0.11067530906130164,0.08082988147411249,1.9247710607708493,1.8810373558707945,0.4296480453301015,0.47300556318141806
975,0.11051246447299079,0.0806598449047748,1.9250548185772882,1.8928018444749413,0.4280274457558827,0.47122142236516934
976,0.10999890752392032,0.08042248072262613,1.9246893639784322,1.890085489628521,0.42641457263916194,0.47321394121184973
977,0.10968283434071895,0.08034780900710214,1.9212084751473768,1.9017924120896095,0.4285737702957308,0.4714325806957333
978,0.10954122366805469,0.07980668365800128,1.9177441557818797,1.898401109250846,0.426962065180076,0.46965969967814475
979,0.10939958776014765,0.0792964703037685,1.9166186338435505,1.8964604828109421,0.42535802592406635,0.4716521171084882
980,0.10925792768464555,0.07908361521882729,1.9244377953421379,1.900602189099164,0.42376161004291807,0.4698819543650124
981,0.10925792768464554,0.07876559474439089,1.9397185442449874,1.9009748672509372,0.4221727753171636,0.4681201978764411
982,0.1088315370879046,0.07847596505129524,1.9474355597406963,1.9013457770029785,0.4243370920585798,0.4663668011204901
983,0.10847246539552431,0.07806613297662279,1.9438903804377057,1.912940533718148,0.42274927844868204,0.46462171786502643
984,0.10847227791810587,0.07929623276257554,1.94971856700964,1.918861917178908,0.4211689873101066,0.46289283450482077
985,0.10800236264944724,0.07906282854040081,1.9424375530655584,1.9191649186081463,0.41959617709979874,0.46116421108210076
986,0.10760098348146385,0.07982537031026689,1.9429387082178227,1.9191800775434324,0.41803080653329416,0.4598803218044523
987,0.1071752592155555,0.07946431120596095,1.9459020973614556,1.9167305621643813,0.41971166288192036,0.462381413198744
988,0.10992994209827804,0.08045022578687774,1.9524224152538134,1.9107216911618699,0.41843086782637784,0.46410120001166305
989,0.1095055005517906,0.08034351393552809,1.9525993793445198,1.9370901522003967,0.41687452068426584,0.46237498277525063
990,0.11036721165470686,0.08013035923176494,1.9527755090022754,1.9373239105311775,0.41904548404112635,0.46065690511414054
991,0.11023969392526896,0.07993232640297038,1.9552055404880484,1.9427259418260396,0.4197103218270792,0.4641506714360606
992,0.10989667044235248,0.08087021379034841,1.9536092779834815,1.9409923665805964,0.41815389207579445,0.46245332363873703
993,0.11056004417238038,0.08221568240373184,1.9528085009350917,1.938478969890209,0.41661176814153034,0.46074829406683
994,0.10999218187460758,0.08178188795702278,1.949282220007151,1.9424075886624081,0.4150699156801895,0.45904309525683334
995,0.10984315731533159,0.08150680282557296,1.9489786155428177,1.9431116412969205,0.41513836211963145,0.46313731697502863
996,0.10960044046629822,0.08126627674757599,1.953019727994297,1.93946909769665,0.41360503236425483,0.46512024026409904
997,0.10918121849502556,0.0809452153786956,1.9458133832950322,1.9360026001209896,0.41207889292498334,0.4634040175706447
998,0.10904302525599752,0.0820382860159163,1.9422160982927712,1.9326632115164741,0.4179322231815877,0.4690887472773618
999,0.10858999650055766,0.0816609288804409,1.9571587862534234,1.9365936526058884,0.42007567324488176,0.46736133967108934
1000,0.1083064984711555,0.08262855717813354,1.9610081309115166,1.9404927597054071,0.4203761715258368,0.4675349558184272
1001,0.10781696840501642,0.08339450579302052,1.961124414391022,1.9407384720222045,0.4188312397197391,0.46600215061042877
1002,0.10746583093096156,0.08284448609843074,1.9591385282705995,1.9357417747255585,0.41729352420412025,0.4679626939043409
1003,0.10831719994404441,0.08230987442062286,1.9556206243708467,1.928641910276885,0.4194743372445328,0.4662463122375621
1004,0.10817832314497634,0.08220289891096984,1.9667755610995366,1.9289033740689188,0.41793733770737596,0.4645379351034146
1005,0.10802275998864118,0.08181030932682161,1.9632367310275352,1.929163619453666,0.4164075005058553,0.46283751891533914
1006,0.10787134472602028,0.08134864900795863,1.9706847419610871,1.9403930162548944,0.41488478666678186,0.46114502035458166
1007,0.10740980354664173,0.0810681808418636,1.9634855689482125,1.9442639012519742,0.41702229022763,0.45946039636837543
1008,0.10688455257165974,0.08075513607497417,1.9607781840701093,1.9400089897995862,0.4155003751091421,0.46143308563268154
1009,0.10773297951565342,0.08063465889516137,1.9572753464853936,1.943873540859917,0.41443558550243753,0.45975077728931524
1010,0.1073173920521782,0.08034954537115938,1.9647153373738808,1.9440779640766668,0.4165683222376546,0.45807627769969994
1011,0.10718532068656018,0.08142386564508602,1.9632776510592702,1.9422089610455613,0.4150526178077172,0.45642174089007254
1012,0.1068531225754233,0.081289633754006,1.9597762208959992,1.938784113731102,0.41889669301954846,0.46031467055482655
1013,0.10717372228430427,0.08097492881291986,1.9599222846844866,1.942637685329899,0.4173755620037609,0.45864313928215
1014,0.10687524620439769,0.08188417201940308,1.9584597160645245,1.9408260821525765,0.4190773825885052,0.46112379162651324
1015,0.10773708453708213,0.08188388759325833,1.954991269410113,1.9591556167147357,0.41756099255011436,0.4630775312070433
1016,0.10751435339444058,0.08159774158595692,1.9551542191122036,1.95930348980516,0.4196696559473246,0.4614010043473432
1017,0.1070898283657563,0.08141323036736457,1.9617019731585674,1.9530651237051329,0.4181518016632034,0.4633490003041378
1018,0.10794733142995079,0.08130786612582229,1.9546140133489365,1.9532347073225222,0.42026447230935293,0.4616748422837426
1019,0.10738857964022216,0.08106903133075886,1.951168279507068,1.9534035093192983,0.4259666179858758,0.46000840055362846
1020,0.10755885421302185,0.08213524924515428,1.947738414818634,1.9499655845052604,0.4244325653408956,0.458351751210914
1021,0.10742322853092863,0.08209504990362895,1.9407219885826092,1.9501458257444897,0.4229036127031984,0.45670060995495454
1022,0.10815476696223471,0.08345985991777362,1.9389010645270153,1.9451619992559253,0.42396331470275367,0.45607419452590187
1023,0.10884644195842447,0.08324198993270071,1.9355255764641854,1.9417640022076037,0.4225137323755527,0.45443454040519593
1024,0.10862350611797261,0.08288736635144192,1.9429402486911684,1.9383816055491934,0.42458780572865606,0.4528024140260503
1025,0.10821438634630874,0.08373470665482055,1.9451210336725564,1.9402145982140597,0.42838565524241545,0.45665217647933587
1026,0.10773048169988295,0.08364013296041395,1.9381489836930381,1.9332601347562262,0.4268501589174286,0.4550153622438441
1027,0.10744150207815148,0.08340261981999136,1.9383704595583873,1.9334991165917839,0.42532169562021316,0.4569668409980495
1028,0.10721847769250482,0.08326870384345075,1.938590921791366,1.9337370046750986,0.4305192012788011,0.45934484855400365
1029,0.10661892290220845,0.08395198320095477,1.933490398343781,1.9285728579552839,0.42898068001138595,0.45774750181670887
1030,0.10610691392389343,0.08363006125486205,1.937297911856832,1.921687718612736,0.4274491891242484,0.4561133113733918
1031,0.10769622385496584,0.08465999816202376,1.9322702208918336,1.923651836192352,0.43180347447764017,0.455741342089825
1032,0.10756168604091915,0.08423068457642661,1.9360744744027159,1.9203609232578056,0.43026498607361274,0.4541175645811116
1033,0.10734308333591147,0.08394193644224623,1.936302009348908,1.9206443886321145,0.43229288689298534,0.4525011896720832
1034,0.10800748959837704,0.08499407417394148,1.938287704393971,1.9191673661385864,0.4307557767881371,0.4508923419393652
1035,0.10746878817512642,0.08477955736585749,1.9420591865574877,1.9194545049784586,0.42922561863162734,0.4492906533912262
1036,0.10830166418177967,0.08445823048809474,1.9387160885729993,1.9126429112076258,0.42773188054991584,0.4476962496645448
1037,0.10776345010188844,0.08424532490895979,1.9424785166169372,1.9129526066219915,0.4262154998667267,0.4461090919711441
1038,0.10729544621838427,0.08502397784766255,1.9373688976021843,1.9079493651327837,0.4264759128064886,0.4463066237894449
1039,0.10813006704987758,0.08470442820738606,1.9340524085149886,1.9118131310657764,0.4249835416812244,0.4447275538511024
1040,0.10777740472943564,0.0844235630157031,1.9378200501843195,1.9050557380437216,0.4234814174555978,0.44315564349005493
1041,0.10764382459091647,0.08389620347657831,1.9451016365389966,1.901859973526202,0.4219860986251147,0.44159085469122883
1042,0.10731234884902596,0.08477271815628369,1.9488227744714512,1.9057336457672431,0.42219636468482324,0.44186945232180436
1043,0.10693825700192475,0.08450588088995238,1.9490031209194634,1.9060658365411145,0.4219365048229823,0.44613229774924695
1044,0.10658259968314988,0.08424697792231046,1.9597439628259452,1.9063965258336035,0.4204511039941741,0.44456171715889764
1045,0.1062656597854774,0.08511233950355597,1.9565927834934749,1.9029846417293563,0.4189724118569418,0.4430009068193355
1046,0.10588697253589119,0.08464861982055524,1.953231887506163,1.8998120927499367,0.42101379594764765,0.4414444660894909
1047,0.10672408398338856,0.08454292064517359,1.9604103682742766,1.8966593030362655,0.4195495631551934,0.44691482673341193
1048,0.10729430284445197,0.0840208413642904,1.9605491846958143,1.8935152718755754,0.4180908047370872,0.4453477720709931
1049,0.10825762124532448,0.08360650522792801,1.9571800095011709,1.8868870057084042,0.4166352593828147,0.4542919207456721
1050,0.10801821753474819,0.08329555851429152,1.9538304753209805,1.8837834532834687,0.415177295334127,0.4527021818238208
1051,0.10761770709899361,0.083015195309849,1.96098363815803,1.8841897323688506,0.4172217652506335,0.4511195893825707
1052,0.10774516774323827,0.08405797576421767,1.9589222186343096,1.8798070947435592,0.4195936294294896,0.4533803456161873
1053,0.10756077422428724,0.08372941410057981,1.9642005463794687,1.8820692136853368,0.42069721711365515,0.4562088334969016
1054,0.10698076075043568,0.08350698459788983,1.9608399141404476,1.8789948426453182,0.41923091569326343,0.4581041675457231
1055,0.10684993548703633,0.0830986783038539,1.9574943423208753,1.8759342491668152,0.417771185391893,0.45650908352515474
1056,0.10651116543700273,0.08278616468965196,1.9611206399637566,1.8798442490336404,0.4163179916814406,0.4583995862910848
1057,0.10734173661178009,0.08258402598610845,1.9577807770880584,1.873311851581767,0.41487130023909,0.4568066626800106
1058,0.10691951135076605,0.0822744342173264,1.9552763447168784,1.8729311507517146,0.41425157494253256,0.461343351331272
1059,0.10654453988097662,0.08307452712718554,1.9558578616900602,1.8729454143749986,0.41433574544957147,0.4616998129194209
1060,0.10669046494692862,0.08248792903501802,1.9593631836215972,1.8700332134406288,0.4130728893578673,0.46362086978195033
1061,0.10776646590992367,0.08218904736216241,1.9560427362379336,1.867021945594844,0.4185713411936329,0.46894629087012896
1062,0.10731150172802983,0.08294803285483304,1.9527370885400994,1.8640240993796158,0.417124073892758,0.467324845334208
1063,0.10694103289361147,0.08272797501400966,1.9500565430438404,1.8638834047125818,0.4156832522575626,0.46916480120204135
1064,0.10762385174556849,0.08252833928910573,1.9433274292058549,1.8574516508971435,0.41772011422559674,0.46754584129683957
1065,0.10723537374047236,0.08213136965715952,1.9469700738910671,1.8579430547630118,0.41628011663689557,0.46593408054808355
1066,0.10672049094602372,0.08183541807094326,1.9402650341157954,1.8618761081499782,0.41484651743722895,0.4643294813893066
1067,0.1063366273923493,0.08154087460263125,1.937030154867133,1.858910917447344,0.41341928326181415,0.46273200647596896
1068,0.10607224518599268,0.08124837859446452,1.9397054081692302,1.8603739571368607,0.4144572098965975,0.4655566941488196
1069,0.10688730071555372,0.0811779772810531,1.9364789136988048,1.86085336552518,0.416471884788269,0.46395819733664606
1070,0.1069063174295981,0.08070423212816193,1.9366967964351747,1.8613306503331302,0.4187957665419919,0.462366781202519
1071,0.1072547909472281,0.08194842020344842,1.934514636627354,1.8607782439611151,0.42078746778924647,0.4642092528565153
1072,0.10712709349812126,0.08294608907619891,1.9348735192004687,1.861120121321024,0.4227702465828961,0.4660461430768363
1073,0.10683722289752771,0.08267442596320122,1.931676429074201,1.8581752538273333,0.42132445252276923,0.46445235365846627
1074,0.1065436097386218,0.08348460771923834,1.930357766499671,1.856795473243527,0.4214371256255382,0.4647991116442853
1075,0.10616469636512252,0.08304288490988973,1.928733714372337,1.8557329890328382,0.41999877017577314,0.4666257402625944
1076,0.10591857590858895,0.08277506194013645,1.922157568934058,1.859634443250324,0.418566756530762,0.4650347488725724
1077,0.10560258495393916,0.08361240964051428,1.9243257717395457,1.8616156498390062,0.42054721026827185,0.4668770860808422
1078,0.10532314367922317,0.08354282508505524,1.9287814894399924,1.868096582704893,0.4191161915817334,0.4686911721891617
1079,0.10482523709462763,0.08336700611095983,1.9256242333808784,1.868544968970347,0.41769146773614724,0.4670979254889721
1080,0.10448262418312,0.0829720979012988,1.9258768101564812,1.8655954291175094,0.41627300620071456,0.4655116818336312
1081,0.10540814503357403,0.08297083251134994,1.9193506350788674,1.862651364347474,0.4182623331406344,0.46733992500933347
1082,0.10614340877139639,0.08281828537755795,1.9196239694977295,1.8665060323746014,0.4202442621507642,0.46575603049338316
1083,0.10578487711286742,0.08254960507678717,1.916510322610651,1.8635722312778211,0.4188214064161828,0.4641790818028484
1084,0.10550871527489937,0.0822911989697704,1.9100279208420452,1.8775632786347431,0.41740478549134274,0.4626090431417835
1085,0.10488979758013374,0.08201772918619397,1.9069529202453792,1.87459797664388,0.4193733851257047,0.46104587892329696
1086,0.10391218845647465,0.08201772918619397,1.900515732678932,1.868270007736401,0.41795773132965675,0.4594895537681983
1087,0.1035524611485575,0.08181993116493323,1.8982796554391284,1.8679135345191107,0.4165482664417945,0.46131229908041643
1088,0.10343180372436402,0.08153653103864086,1.901991236696363,1.8649896240880062,0.41851385465069596,0.45975818592325113
1089,0.1031433337253836,0.08125782347205668,1.8989555592266634,1.8620784766105813,0.4171053342265138,0.45821085651500887
1090,0.10279057106792253,0.08103197337642905,1.9026574522395845,1.8659043564576556,0.4212619567333801,0.4611977714139863
1091,0.10299246698251656,0.08103093162786691,1.9029844068224346,1.8697135619549197,0.4232264929630639,0.45964869828580757
1092,0.10378885669625337,0.08074265233492171,1.8999613222909462,1.8734993464795056,0.42180637875851745,0.4614652346581809
1093,0.10354945583513223,0.0804650520593019,1.8969445677410535,1.8806275756188728,0.4270966314277902,0.45991836001835906
1094,0.10326763452803046,0.08023241535601777,1.8939409307739365,1.8743298369283596,0.4290151376524983,0.4583782115658342
1095,0.10291057419132912,0.08013731901565384,1.8909503442977726,1.868059461258979,0.4275799120972456,0.4568447548985238
1096,0.10246902392739825,0.08004222511503757,1.8946568463009519,1.8651583611003952,0.42615091764910784,0.45531795581385964
1097,0.10214922149786654,0.07971893413074271,1.8916698447848177,1.8656085584933917,0.4247281224820191,0.4537977803075051
1098,0.10184881371766394,0.07951797963400664,1.885360416626624,1.8627214294164078,0.4266468698747713,0.45228419457208113
1099,0.10264564674353341,0.07923577989067378,1.8824103592303059,1.8565147648457603,0.42522526492106705,0.45077716499590137
1100,0.10239076477873647,0.07887851671417354,1.8927879136527954,1.8603210965399457,0.42713852381054707,0.44927665816171597
1101,0.10220853114335053,0.07854855704488924,1.8898190511968758,1.8574601987113644,0.4257181242874066,0.44778264084546443
1102,0.10205939115200874,0.07840324976257787,1.886541056987426,1.8582556863648305,0.424303863106363,0.4496171400833297
1103,0.10273105353954784,0.07821821941376739,1.880280118344969,1.8520886195039028,0.42623562024426487,0.44812497784480737
1104,0.10340342170904189,0.07794208932705625,1.8773616177569739,1.8492635856479507,0.424826830603511,0.4466392541710814
1105,0.10319918013257674,0.07770706281282537,1.8765251785023942,1.8510054719781601,0.4256971277822654,0.44950678412934514
1106,0.10284586630047167,0.07849704211069389,1.8753438855745834,1.8497795126761905,0.42918722640503587,0.4530973101232263
1107,0.10281132023324824,0.07837779780426257,1.8724504440423277,1.8436650827296337,0.4310740430190315,0.4515996009407337
1108,0.10240724630699673,0.07911138503206978,1.8729757177293005,1.8440772487691077,0.4329527431374855,0.4534987562518755
1109,0.10223364719431623,0.07882502632272334,1.8766936433122567,1.8478905071312643,0.4348233678757446,0.4520027151689713
1110,0.10216923672384767,0.07874783053038314,1.8705088312387925,1.8483917975956594,0.4333903685020611,0.4505130997168287
1111,0.1036330004466469,0.07874783038753697,1.8742274501211864,1.8521832322921141,0.43196352072273536,0.4490298773900794
1112,0.10322970422446111,0.07946100628313911,1.8746238939764648,1.8526866250753369,0.43219590439072697,0.44932238497291965
1113,0.10287793955748868,0.08024927698126504,1.8766693923476292,1.8548228250039254,0.43242800044772634,0.44950671242802276
1114,0.10328372502872277,0.08141809327013144,1.87241585621854,1.8533928529319674,0.43429150969226415,0.4513142442298021
1115,0.10370682780264791,0.08113455617238441,1.8695550713304565,1.8505944473781661,0.43289349667187127,0.4498343158671223
1116,0.10434281252466696,0.08238311249162769,1.8788905156236397,1.8520033841831196,0.4331535428190624,0.45323466504879456
1117,0.10411934797672115,0.0822597399998773,1.8760142576104895,1.849215117024213,0.43173600408549934,0.4517514088137913
1118,0.1039549089090277,0.08195436798857351,1.8731502778545202,1.8497080825765395,0.43032451658414667,0.4502744843478557
1119,0.1037198509088486,0.08129115265558737,1.8670324522072015,1.8436668206012319,0.4289190498710093,0.44880385979560056
1120,0.10342663025892836,0.08097561543201598,1.8707290963952856,1.8409141062316714,0.434045169568452,0.44733950348359913
1121,0.10316753790072052,0.08078558568994498,1.872915386384666,1.849446336166262,0.43263038337443577,0.4491409206983719
1122,0.1029344483475365,0.08037264573861556,1.8733292093268852,1.8499365808808437,0.43122161819784754,0.45093467147952293
1123,0.10266497055772565,0.08025096644292662,1.8759588499157362,1.8482071633790356,0.4298188438295283,0.45272079429173306
1124,0.10248574715114031,0.08002726002355282,1.8763619554740973,1.8616995469023128,0.43167180305450226,0.45124955455846205
1125,0.10227280299730805,0.07982086068115683,1.8708037065897059,1.85836861156145,0.43298348806795045,0.4535644929198567
1126,0.10216939930692903,0.08078808170065138,1.8729841234345683,1.8603098444303572,0.43157920147964923,0.45212185581188136
1127,0.10182877684309993,0.08155670735150418,1.8735675652445172,1.860590540329482,0.43171493471011135,0.4523717023341786
1128,0.10362382891325297,0.08155643516870487,1.8707400020163611,1.8578049811316042,0.4303207355550221,0.4509074657463419
1129,0.10427753357077578,0.08136840803783639,1.8711579725587257,1.8582647778984702,0.4289452827125779,0.44944942736668697
1130,0.10492268663159277,0.08136518062304393,1.8715741751556099,1.8587226298019222,0.4275966303600285,0.45445822137393843
1131,0.10474803189258423,0.081214283617056,1.8655344109363547,1.8656327542392546,0.4262167316295345,0.4529916374997661
1132,0.1053943399663276,0.08093336836255252,1.86596123669699,1.8628487344805906,0.4280715774961558,0.4547684758028841
1133,0.10517958084585716,0.08078497095059967,1.8658065268723407,1.8638768541227078,0.42669290616377864,0.4565244790309322
1134,0.10700032391298198,0.08381743091704236,1.8678039209357458,1.8659666238046162,0.4316701627790301,0.4615790384915273
1135,0.10680597982111932,0.0836275992752888,1.868228828377395,1.8631832155123353,0.43671112181134614,0.4600954213543729
1136,0.10656687454341282,0.08333968240701142,1.865440938143831,1.8636225353837725,0.4353088386440595,0.4586180510001789
1137,0.10644745924391083,0.08328300610392239,1.8658725765941435,1.8608522077099188,0.43391245530184747,0.45714689638533307
1138,0.10585307007962502,0.08318718130036055,1.8598932143977043,1.8645027127501985,0.4325219424853014,0.4556819266415495
1139,0.1055668085399983,0.08287813112412522,1.8594760198536844,1.8626008334112043,0.4334729300608923,0.45829023209027964
1140,0.10527279028716743,0.08368157102253754,1.8567918623583515,1.8597774615595002,0.43208660117613307,0.4568547849318214
1141,0.1051552248194764,0.08329863354019074,1.8508594241923662,1.8730054461821388,0.43070608723927617,0.4553951368057249
1142,0.10459501617834353,0.08382814091228785,1.848002879875125,1.8703597582098968,0.4325231596808753,0.45728980964039406
1143,0.10447844872461105,0.08373256613817655,1.8484875394161238,1.8675845203595263,0.4311440119978793,0.45583169076905183
1144,0.10587588149529581,0.08486169458930387,1.85588709459511,1.877016510817814,0.42977339370696954,0.4543823816736936
1145,0.10663391288513997,0.08466870073104982,1.856345696328731,1.8742256345174209,0.42840575197589437,0.4529364282569821
1146,0.10642749362339662,0.08452026964420166,1.8504442647094586,1.868267361528146,0.43340194207469895,0.45149651684149394
1147,0.10678077912372244,0.08556845992580887,1.8563621273487765,1.872770480486756,0.43202552228686364,0.4500626771948837
1148,0.10752891223900454,0.08537330508680774,1.859984580814585,1.8700074098287938,0.43066408600933614,0.45181045413528065
1149,0.10729070092235873,0.08505739759192887,1.854089293386178,1.8735889616221488,0.43246861648281987,0.4503784247960266
1150,0.10693472513760184,0.08579783515533118,1.854543691855995,1.8739968339279902,0.4326786414350141,0.45055522125016867
1151,0.10658020062215035,0.08653624230854459,1.8502477303584395,1.8696618680977355,0.43130999109787155,0.4491360816014768
1152,0.10719505461372897,0.08783998359404743,1.8507209537133167,1.8700737419758064,0.42994704380714954,0.44771680312877904
1153,0.10699041688848578,0.08763112660017926,1.8448784445204385,1.864170138298044,0.4285897513688411,0.4463034136424615
1154,0.1068719553004198,0.0873350667056909,1.8453676556389331,1.8614447811507446,0.4272380960750666,0.4448958942844909
1155,0.10658657831865369,0.08692362371852257,1.8458548364943332,1.8650318851795364,0.42589205025285937,0.4434942162381737
1156,0.10796646862643416,0.08692362359122029,1.8494874234149445,1.8686041137514473,0.4245515875537358,0.4420983508477404
1157,0.10761043346195998,0.08633922012538114,1.8499606771768007,1.865872978761114,0.42321667826927284,0.44070826961734644
1158,0.10743361083201523,0.08721673383811952,1.8535731091725092,1.8694354280247298,0.4218872963608837,0.43932394421008064
1159,0.107242078165792,0.08699763172437859,1.855388044733979,1.8716276894242276,0.42056341476802034,0.44108334468556815
1160,0.107242078165792,0.086128090311026,1.8527065214208158,1.8751649806867885,0.41924500658087455,0.43970060935380406
1161,0.1073673549077293,0.08557332474021684,1.8561906109362964,1.8725331237476097,0.4180901756982161,0.4415097760244397
1162,0.10702316745547222,0.08626550299090593,1.8535119344029896,1.8698033180556743,0.418242805176405,0.4418832385594479
1163,0.10684908075762513,0.08712779306527951,1.8540605237117016,1.8701194989890277,0.41845296241295477,0.44211385496258726
1164,0.10758681655155342,0.08693500027204004,1.851393850050001,1.8642803362204292,0.4202822738815678,0.44073342191391063
1165,0.10729333401861851,0.08677104225587204,1.8482463154120121,1.8651955208851225,0.42121475073055287,0.4433536952267344
1166,0.10706039620133227,0.08663734457566859,1.8487191964271772,1.86561558632937,0.4261344175803497,0.4419721568077815
1167,0.1069124870331208,0.0864173370112825,1.8460771383203538,1.869146918658142,0.4248078635241858,0.44059629995807204
1168,0.10679429143406587,0.08732952433400322,1.8465328130621779,1.8695768637697814,0.4250301985966987,0.4407943243787483
1169,0.10851190052504646,0.08704091570089321,1.8407960589169898,1.8699820519011054,0.42992501273891154,0.4425316647073065
1170,0.1082202998840784,0.08667069015775619,1.839078371647761,1.8725973883012588,0.4312484041692372,0.44470779499863433
1171,0.10859895939322613,0.08638566053994017,1.8395773199856174,1.8760929759668932,0.4330257925664976,0.4433289485538257
1172,0.10818694375748333,0.08704727484336772,1.8384975477903107,1.8749559821236728,0.43320530083035064,0.44356290055404324
1173,0.10806942540952946,0.08638395364716342,1.8420916688709852,1.872248542519021,0.4318648023225669,0.4421903517759899
1174,0.10879225238192178,0.08619573604673395,1.8394860062604002,1.8664634207931867,0.4336444273702302,0.4439197410661725
1175,0.10855768083477729,0.08600889978343534,1.836893514141243,1.8699639968914838,0.4323052510741514,0.44254883265117817
1176,0.10869783753971812,0.08591433664701159,1.8373967144746595,1.8703651713743736,0.430985892481944,0.44118352385324344
1177,0.10838837282350239,0.08561072933460664,1.839713774114491,1.8689487953271686,0.42965758551849476,0.4429058071796914
1178,0.10813077533089652,0.08536294243279113,1.8402072856442375,1.8662733548962511,0.4283346959743372,0.4415421271677172
1179,0.10789794385384202,0.08527005751283807,1.8437746476462131,1.8697605412738763,0.4270171976837953,0.4401840046452761
1180,0.10766563181079584,0.08508450852936812,1.8504002697103237,1.8670879520537993,0.42570506462514257,0.43883141278827803
1181,0.10734300034523582,0.08577929463786911,1.8494348414715371,1.8658508951219175,0.4243982709197214,0.4374890535641233
1182,0.10691992231756411,0.08565686588564853,1.8509480489090058,1.8652108060974348,0.4230967908310679,0.439214076606393
1183,0.10668562359909042,0.08547320112901621,1.8483410990706963,1.8686873267961452,0.42180059876404286,0.43786850789927834
1184,0.10729767042647759,0.08528727548869447,1.845744733503353,1.8629681703899081,0.4235771950730979,0.4365284022293078
1185,0.10713532956569016,0.08519265556862751,1.8486772397166087,1.8639837251393587,0.42228212398193404,0.43825119511205207
1186,0.10692659817399273,0.08496216197132334,1.855248252565411,1.8643991740465407,0.4240467088486871,0.43691259809293026
1187,0.10664173190754483,0.08472024725622129,1.8537540012495592,1.8698002330055268,0.42275279265903,0.4386307765160047
1188,0.10739750657556879,0.08462761058598696,1.8541998033888734,1.8701971213659623,0.42452895766959464,0.4433921096011092
1189,0.10754432896798835,0.08462663999673503,1.8546438023670682,1.873637660784527,0.426299748024648,0.44204186695275666
1190,0.10813204420853632,0.08426224928299768,1.8550860068289063,1.8740220818901927,0.4250570933617496,0.4406970815974089
1191,0.10790261927243647,0.08398804835890826,1.8494480814746634,1.883522466290936,0.42376527176704015,0.4393577273891767
1192,0.10744575022903437,0.0838058664219866,1.8499051773177901,1.889948376317229,0.4224786634920775,0.43802377832494466
1193,0.10793369546244398,0.08362402994497627,1.8473273301972684,1.890282173861697,0.4211980684496672,0.43669520854350313
1194,0.10770794626239315,0.08335072744644902,1.8417298025922997,1.8845544901553986,0.4229518777160066,0.43537199232468676
1195,0.10751253985082661,0.08324738413493979,1.8400527159071964,1.8870601251095722,0.4216715856578726,0.4370811436303399
1196,0.10705972297721539,0.08297701009756965,1.8344883707054114,1.8904256708894218,0.4203964448729915,0.4357594041261805
1197,0.10749752055395363,0.08279737161694516,1.8319673884199945,1.8877357024949009,0.41912643078102607,0.4344429786647
1198,0.1083191542462962,0.08235115081115267,1.832474506142083,1.8941104570674057,0.4178665329868449,0.43313184190591153
1199,0.10804437856013249,0.08212463292317536,1.8420244547656672,1.8914147537667185,0.4196216395243691,0.43182596864760286
1200,0.10787401901226647,0.08296382770770025,1.8394883258450276,1.8887298641242416,0.41835776343419057,0.4305660027453293
1201,0.10762991192626095,0.08283520626807399,1.836962362824327,1.8920736000438634,0.4170989535051852,0.4292704590582735
1202,0.10732471768543171,0.0827115477678983,1.8372475445001326,1.8926029157394384,0.4174505963276978,0.4323865423995627
1203,0.10701708312175089,0.08247494723142462,1.838896241689484,1.89777129562682,0.41861996317923084,0.43467102241528044
1204,0.10701708312175089,0.08220870415971565,1.836379621406531,1.9010778918136046,0.4173641374431849,0.4333670448110667
1205,0.10669634972641426,0.08199484980938379,1.8341241998292086,1.8981262922288644,0.4207342811239251,0.4394350078202763
1206,0.10647956533900502,0.08166556128430721,1.8427383915981403,1.9022894205835867,0.4194746344209234,0.44111329712518166
1207,0.1063445528519504,0.08150475710335349,1.8372268861079053,1.8995907341514804,0.4182200142528266,0.4397939571852282
1208,0.10590471724435253,0.08213291234244689,1.8347824780230353,1.8968456306930985,0.41697039681097925,0.4384866417293781
1209,0.105678481846302,0.08190093809132716,1.8382606013578637,1.8911836294562072,0.41572575841537707,0.4371777782838457
1210,0.10538743223038331,0.08169543491127164,1.8357609310500818,1.8885261441184442,0.4144860755138931,0.43885609883703014
1211,0.10520449866069566,0.08154426824228948,1.836207256237303,1.8859221733026192,0.41912342583247764,0.4406136256775364
1212,0.10501664072013923,0.08136422383839245,1.8366947058682954,1.889237685412895,0.4238281379278986,0.439302353002613
1213,0.10558685428568439,0.0825263551508938,1.832047499907107,1.8857805845704727,0.42256808665237466,0.43799629626234915
1214,0.10519652870100486,0.08206724691808548,1.8384864678295323,1.889089892811399,0.4242830991202542,0.43669541716022237
1215,0.10503233391394076,0.08176173307113338,1.8359985945109816,1.8923860743492324,0.42599130881914776,0.4353996981255448
1216,0.10470354775961886,0.08146310413831281,1.8394488512651332,1.8927050565017165,0.42472861327296346,0.43410911484778475
1217,0.10413708492309834,0.08132299177269803,1.8340019270651273,1.893022775270508,0.4264320907226242,0.4328236431471276
1218,0.10485030065522757,0.08123642787543989,1.8344929845865259,1.8933392365998052,0.4251725810486113,0.43450218962290693
1219,0.10454880620495098,0.08095914473023837,1.8359549105339386,1.8956368914109323,0.4239160874623174,0.4361733801076028
1220,0.10419514964886994,0.080774150072508,1.8334869194561598,1.8900403994521464,0.4226645592896846,0.434885664709433
1221,0.10391969961190499,0.0806019909445234,1.8280793232642107,1.8962634105792033,0.4243673240585701,0.4336030343075137
1222,0.10452079675847321,0.08043107610151867,1.82858587085616,1.902461866307156,0.42607038744668363,0.43232546504091596
1223,0.10424387437067158,0.0801622802792431,1.8334756710253308,1.9013071738737315,0.4297020724137307,0.43499750201246895
1224,0.10398915545849167,0.07995602851794101,1.8395759007114827,1.904808367637312,0.42950885521474874,0.43852908833387405
1225,0.10485324241995418,0.07954987451374096,1.837109581853082,1.9139007313971474,0.4284028855319748,0.4372408753687347
1226,0.10464084911659129,0.07932183726739268,1.8317183249464408,1.9170880427263097,0.4271456769047575,0.435957730415117
1227,0.10429438547175622,0.0790787603640451,1.8322116776324087,1.917331116351568,0.42589341062601127,0.43761133749152936
1228,0.10402828054027476,0.07886902912698325,1.8311670294397029,1.9161805204903717,0.42464606359689305,0.4392584487402303
1229,0.10483718791457376,0.07886799851022423,1.825814594933477,1.9134946277155978,0.42633886399877313,0.44090966619655125
1230,0.10543005430632964,0.0787025690794954,1.8292466517206984,1.9079016249444627,0.42803221214883497,0.4396209199679812
1231,0.10612966956942625,0.07845439595672107,1.8326627167350034,1.905253088095714,0.42678840068731577,0.4412584992035175
1232,0.10586748175666989,0.07920778898790264,1.833259855363938,1.9054204715423184,0.4255434223180599,0.43997131031582987
1233,0.10555857810583193,0.07989999158494518,1.8321930012061405,1.9043346855488088,0.4243033163836796,0.43872225579767177
1234,0.10600401984949552,0.07973428559322876,1.8326815305775073,1.8987906770539897,0.4232138334364741,0.43744502237254645
1235,0.10633023667675995,0.0793621346785056,1.8339267994231396,1.9012347279988624,0.42467133352352127,0.4405984249502978
1236,0.10609132457929399,0.07916222989733122,1.8344093152642147,1.9015216846428187,0.42634291686409137,0.439318292340986
1237,0.10555111488688358,0.07891484655940678,1.8319874115694186,1.9018075215713595,0.42510544088352137,0.4380431548563628
1238,0.1054433491993191,0.07979008202521007,1.8339383163526364,1.9035281501469208,0.4267446023179317,0.439705272748757
1239,0.10501437614818737,0.07929364190924026,1.8344193534538185,1.8980141288311443,0.4255084352387151,0.4384315620098804
1240,0.10490747519718256,0.07912922067731715,1.8406862020716657,1.9012031020262252,0.4242770809811348,0.4371628102629601
1241,0.10458889401974761,0.07901198203836181,1.8469286698286194,1.907270618464348,0.42305051724566467,0.4358989945312105
1242,0.10437579709048699,0.07980063884894481,1.8443460015579651,1.9047870534492795,0.42320440838013884,0.4361579352961556
1243,0.1042072887901413,0.07955070744997587,1.8443265284827084,1.9026451475647985,0.4219833901673833,0.43778471757084
1244,0.10402221463587119,0.0795060108828082,1.8460943865218653,1.9016065905159196,0.4215486756764486,0.4415059109633597
1245,0.10449528707755946,0.07925929381609469,1.8436581346616707,1.8961310872301134,0.4232770753893627,0.44023463483388076
1246,0.10426995871318191,0.07910282272553197,1.84698438801279,1.9079359938350136,0.42781256793614364,0.4389682862104427
1247,0.10390462705320687,0.07974847429748796,1.847377804766117,1.9082468516013098,0.42945683779379,0.44065452905246444
1248,0.1044931836301777,0.0794202918408147,1.8506867338899362,1.9142518226501044,0.4282282789824722,0.43938950516974384
1249,0.10417788644592164,0.08011577046435482,1.8553831105745717,1.9188333254244216,0.4284004014751363,0.4396143972988039
1250,0.10398492598210748,0.07998337481862867,1.8566866565222897,1.9210417081866906,0.4289514370200297,0.4451716016237728
1251,0.10444524939181092,0.07965918878560366,1.8542346613788416,1.9184055170213528,0.43065967190248566,0.4496355353600757
1252,0.10434014136564469,0.07949587878353631,1.854651451651469,1.9186388220520771,0.429428276539502,0.4483498818628975
1253,0.10412184071398173,0.08026065461956047,1.8522101690905004,1.9160147617620364,0.4295908025698304,0.44855625149215983
1254,0.10571157202041784,0.08001446324660018,1.852631903728396,1.9219616442668703,0.4340721711497593,0.44727624658834003
1255,0.10550384089359689,0.07990904620780412,1.8473504976143653,1.9278856297359064,0.43568549470819246,0.4460011700344718
1256,0.1061863813062088,0.07966398679344446,1.844937320380082,1.9252430957620652,0.43730010612250647,0.44473099922201464
1257,0.10592008357495822,0.0803905055842723,1.8468032347048882,1.926876095217517,0.4374762712964553,0.44491786570786096
1258,0.10549684595971434,0.08098905173353242,1.8500808724877713,1.9299261483930739,0.43907508693872355,0.4465284648740987
1259,0.1061791123881615,0.08090648173339555,1.8476671713697856,1.9272857363373928,0.437829364743301,0.44526060167453646
1260,0.10577161286832132,0.08071857243129368,1.8452627293068786,1.9303285335391094,0.439423984386006,0.4439976020494695
1261,0.10571503987705169,0.0806659947124717,1.848534914249113,1.9333596670744375,0.4381787863817002,0.4427394437612708
1262,0.10547015085090576,0.08051374966104799,1.8587657383783618,1.9350697630692524,0.43693835795023517,0.4443169775424028
1263,0.10537538847547508,0.0813659746610345,1.860301401083149,1.9369451859089404,0.43570267731262774,0.44306389220927783
1264,0.10506012882257112,0.081200345968934,1.8550456463749327,1.9399485461929233,0.4344717228036783,0.441812140672584
1265,0.10489465022959575,0.08091317457951308,1.8523808595790545,1.9347247610525293,0.43324547287130755,0.44338756615789165
1266,0.10459073246788682,0.0807186781206994,1.8584362263293148,1.9349088092871993,0.43484347805506746,0.4421374030004404
1267,0.1043440074401905,0.08051925579712459,1.8641964150671533,1.9381809781585095,0.4346482386991556,0.44549591074564965
1268,0.10413621263149508,0.08035586875861098,1.8617646195286428,1.9327270561410876,0.4334251652991023,0.4442423126639083
1269,0.10440611844312848,0.08135622179626074,1.8613043410239871,1.9309539184882443,0.4397912836464474,0.4494646594661245
1270,0.10497737409744355,0.08086759404986986,1.8645021585102095,1.9255311892831604,0.4385791168677481,0.4482024205736251
1271,0.1048079077540706,0.08070624262610554,1.8648822989653513,1.9229346029193217,0.44295969768479715,0.4469449845120674
1272,0.10453360029319632,0.08050886912312354,1.8670595600582824,1.9297601440931713,0.4417182122374859,0.44849503467888713
1273,0.10488138741037885,0.08026660821768175,1.8730315883015867,1.927156905045308,0.44335967829715395,0.4472392916848834
1274,0.10431749709057556,0.08073524531377292,1.8745204294208118,1.9290240631577467,0.44342982204485515,0.44750353095560186
1275,0.10488260784272044,0.08025401912633658,1.877653747112974,1.9292340126743106,0.44500483963036586,0.4546359965528701
1276,0.10473816194105089,0.08103928137910421,1.8790854880146428,1.9311328645987587,0.4452602092426061,0.4546680798549343
1277,0.106390847839146,0.08103928128030916,1.8794226855363154,1.931324916214406,0.4468072299276681,0.4534001348647637
1278,0.10609208744355585,0.08078600123835841,1.8741867279871842,1.9370881194602771,0.44556245209958806,0.4521369896036194
1279,0.10592382144407259,0.08066217839292607,1.87893890415004,1.9384275041419983,0.4449045284272128,0.45586278633079313
1280,0.10572320026968149,0.08036701098723388,1.876679323756744,1.9356341280343357,0.4436675278867797,0.45737569075044027
1281,0.10540869898343178,0.08019269696407533,1.8747521475325029,1.9325274332502496,0.4440779381365135,0.46001773628623266
1282,0.10581062652364379,0.08105080310425317,1.8709172935583784,1.9313474156459134,0.4463041761063622,0.4636073913283838
1283,0.10625668034729299,0.08088933194259379,1.8712527533612215,1.9287880424608816,0.45060943291608724,0.46791106620935713
1284,0.10598423375727944,0.08067735038236135,1.8743785634544867,1.9234467004121218,0.4493615720528834,0.4666152923876596
1285,0.10602773104281005,0.08051734610190525,1.8747279971631234,1.926423090127274,0.44812274127585805,0.4680928055655396
1286,0.10558606613622853,0.08046610900668706,1.8778379572108728,1.9293901783419218,0.44688424621124934,0.4667991184212068
1287,0.10537492841279032,0.0802273729901798,1.8801492604489056,1.9303720924028545,0.447624424962944,0.4690582363853216
1288,0.10583082534680935,0.0811246254371414,1.8788467408200769,1.9266807980787477,0.45415652890246044,0.47103404188976794
1289,0.10734677484583971,0.08088456751879654,1.8764251120961497,1.9268828263473197,0.4529051178833753,0.4697361255264172
1290,0.10706281313558397,0.08070848939203587,1.876765277657785,1.9243313887329088,0.45165840241872407,0.4684430792152251
1291,0.10680661324600743,0.08141256520879696,1.8826040807813118,1.9300393871201542,0.45041636145968195,0.4671596003946057
1292,0.10766062910199518,0.08117254333901248,1.8829265917800109,1.9274843755527518,0.44918921309443666,0.465876215841907
1293,0.1071884629356153,0.08104668131259399,1.8777589711452816,1.924938929852203,0.45070089241357253,0.46459763623252437
1294,0.10747019881579796,0.0820655318418949,1.876470749402067,1.9212846605235878,0.45027767996094054,0.4652547914562869
1295,0.10821827341427596,0.08182409068300227,1.88500810646097,1.9187792043642535,0.4490513659272709,0.4694584258054175
1296,0.10796991531881495,0.08249575557965495,1.8825865109649107,1.9162652030043579,0.44907846449169336,0.46971084280645503
1297,0.10760991820455712,0.08310809739446519,1.884309724702985,1.9178253355056245,0.4492058221019248,0.4698089410043668
1298,0.1072957093767099,0.08282609020617634,1.8791641006602426,1.9180497359445667,0.4534406905540286,0.46852599895368646
1299,0.10698928705234761,0.08274529247166922,1.8794937463842982,1.912817210698057,0.45220368412158046,0.4672478391269476
1300,0.10763279257147633,0.08258379555972564,1.8798221642379953,1.9103294935866182,0.45097853456412695,0.4659744402130622
1301,0.10732609891029463,0.08250319186403315,1.8801493596895231,1.91057362996708,0.4497507031232421,0.4647057810098137
1302,0.10732609891029463,0.08234217884013678,1.880475338179153,1.9135367310547857,0.4485274384453542,0.46344184042323533
1303,0.1070684129297208,0.08213561305337579,1.883517259347622,1.9164888193198115,0.4527430286759577,0.46218259746699286
1304,0.10696653386422673,0.08197548150205955,1.8838334445755276,1.9167155052781617,0.4515140855990447,0.46092803126177084
1305,0.1067130008368612,0.08266206511242943,1.8868601817192037,1.919653075304255,0.4543595819729119,0.46376324954671194
1306,0.10704837420243557,0.0825008154978617,1.88176363594636,1.9198557496013207,0.453148265539458,0.4679249379173099
1307,0.1068281162209987,0.0822996644257349,1.8809901350675955,1.9184598220694504,0.4519219070715681,0.4693648965523966
1308,0.10647379225264059,0.08204357003525145,1.88047462287395,1.9168139394683008,0.4537467147241707,0.4731601028136213
1309,0.10717757325853726,0.08188579437153505,1.87809654886469,1.9143377165947097,0.4553412595149728,0.4718821446380102
1310,0.10679851011269298,0.08172687314973796,1.883821869952972,1.9226634523076351,0.45681085803565363,0.4706089119692786
1311,0.10661656217336882,0.08150368017982963,1.8841350285337595,1.9201764095470741,0.4636660338079683,0.4693403839001963
1312,0.10636624337211689,0.08215879916168282,1.883180030086699,1.9189655504680527,0.466536087843232,0.4721398756184007
1313,0.10672161634524631,0.08317750441291735,1.883494289601261,1.9191835427068078,0.4652810667689178,0.4708697796932092
1314,0.10811456459997004,0.08428351104701556,1.8788684535436975,1.9162773801876736,0.4640306568026491,0.4696043504490339
1315,0.10791094116085136,0.08500377391645673,1.8790102049694808,1.9166856095984077,0.4641730891718205,0.4696420890379152
1316,0.10760654406293961,0.0846763251202659,1.8820167666697876,1.916909063778255,0.4629281491746824,0.46838248085592005
1317,0.10743039286684149,0.08444761169775122,1.8850122675925558,1.9171316958971505,0.4616877891615027,0.4671275066203647
1318,0.10738204995250474,0.08424643469746622,1.8916443242787815,1.9163826428198822,0.46045198896133976,0.46855384699461594
1319,0.10780446775132728,0.0852731381518974,1.8884854066473513,1.9120328241502866,0.4592245393572582,0.4673104838243521
1320,0.10770548841922688,0.08606766023918427,1.8834405954537228,1.9069251094918065,0.45799778849734485,0.4660621325522698
1321,0.10730279092454831,0.08660693135962814,1.8851091621964726,1.9084846732307477,0.4581021573718249,0.46618229732586147
1322,0.1077225795851392,0.08762927530935544,1.8872965872161673,1.9095135459293968,0.45954687006800937,0.46760905521623825
1323,0.10790635252137579,0.08723776532123541,1.887486064711245,1.9045385324238817,0.4585301119068416,0.46908234477959776
1324,0.10761756291734939,0.08694142609866,1.8877854292955818,1.9074532146457446,0.45731010590487714,0.4678342625682316
1325,0.10749438033390903,0.08683353079887016,1.8855852347727278,1.907539641321184,0.4585930262834847,0.46940834026415656
1326,0.10761667762923842,0.08674963532186765,1.8805783028587724,1.9024744122712667,0.45743547776680676,0.4708196149111541
1327,0.10741673038356359,0.08633742107950856,1.8808950950451881,1.9053858390798535,0.45622203005491796,0.46957066284644877
1328,0.10728689555333981,0.08617209399525076,1.8865108659796943,1.9162368427933305,0.45501301090250446,0.4683262689167551
1329,0.10763034224078659,0.08716601191275797,1.886811319236304,1.9164585989427974,0.4538084150117114,0.46708642725762484
1330,0.10738078553910624,0.08782258048276308,1.8884261512434997,1.9180088458811533,0.4539374938729284,0.4671715610782095
1331,0.1071184871277844,0.08758821550333444,1.8860788146007217,1.9182254771005038,0.45273813238249133,0.4659372334728731
1332,0.10711848712778438,0.08684718730497644,1.8837400198890404,1.9210808083551267,0.45154313535474977,0.4647073975715229
1333,0.10784395602318268,0.08660266939515206,1.8840480713723924,1.9265611154763642,0.4503627942074544,0.46611962963578735
1334,0.10825789698583488,0.08635911456671053,1.8817192989892293,1.9214861399569538,0.45187053276234923,0.46489177047756214
1335,0.10877800795680474,0.08611659294475008,1.882021353608653,1.9190703845592358,0.45068691209095396,0.46630916224636154
1336,0.10949978979333613,0.08579454815477078,1.8875894167229708,1.9245410475685014,0.44950392565849295,0.46508325808033213
1337,0.11001386762832825,0.08563477498329808,1.890510967169611,1.9194865795136062,0.45096501383581356,0.4638617988270709
1338,0.10975308065206724,0.08545571089421498,1.8929587728354926,1.9175372830640094,0.4521739365808603,0.46550004371438536
1339,0.10950441615271166,0.08540031899087626,1.8932393360754232,1.9177534241495509,0.45098875412341044,0.46427993251132893
1340,0.109334407688176,0.08520017405211798,1.8924232759216393,1.9190643915739887,0.4516648921118645,0.4664441164826564
1341,0.1089327617197587,0.08520017405211798,1.8927046793698423,1.9218919456764438,0.4504834092291926,0.46522397352053574
1342,0.10866545917474985,0.08485520654678244,1.8903718411788688,1.9220960595971608,0.4493061947194718,0.4640082385996084
1343,0.10902765004198359,0.08573035821331731,1.8925406927411437,1.9230273948743843,0.4481332300874549,0.46279689261943197
1344,0.10876966716771634,0.08548939688057634,1.8876049394629206,1.9206201359406057,0.4469644969299759,0.46158991657465837
1345,0.10852330400709204,0.08521042886590956,1.887897773225293,1.915616157849326,0.4484053740140366,0.4603872915545036
1346,0.10832899981875999,0.08587945245435288,1.8855867591308235,1.9132329985378351,0.4484721598806111,0.4606162343366617
1347,0.1081725681259648,0.08560373758857259,1.8830610688748792,1.9084812214729063,0.4473060463861962,0.46201873541493554
1348,0.10789446748600601,0.0854030812085666,1.8833648285770141,1.9087189499747634,0.44705659052560875,0.4651013211512493
1349,0.10768532213791941,0.08525284017330988,1.8862624927216705,1.9193358091851551,0.45108647293615434,0.46389438494108615
1350,0.10836568556445028,0.08507299104102166,1.8865573461319909,1.9195449232436714,0.4499181929375746,0.4626917839284432
1351,0.10823873016690361,0.08493158636137653,1.881671518222282,1.9249329097259018,0.4513428011272377,0.4614934994256447
1352,0.10801717495428813,0.08453012141032694,1.881977660389833,1.927714348009692,0.4527622996417283,0.4602995128376118
1353,0.10852748223736383,0.08452740076808417,1.882282705301847,1.9279011801842116,0.4516221300340618,0.4642790797669371
1354,0.10828467553139255,0.08516844738939641,1.8813269292377357,1.9267650179429423,0.4504560174387599,0.46309620792316436
1355,0.10800887591061296,0.0849681829995784,1.8812469794356874,1.9247605164305552,0.45368089666347267,0.46525326428328106
1356,0.10791050491054434,0.08481167752690418,1.8815529934722184,1.927531295422457,0.452511808737749,0.46405435558406694
1357,0.1077713173554108,0.08473165373791591,1.8839243830186134,1.928225703002124,0.4513468989210419,0.4654340507220635
1358,0.1075260210724153,0.08461449529655989,1.8816511539146965,1.9335537805154952,0.450186149284194,0.4642370725072053
1359,0.10719850666664177,0.08431853589600737,1.8845243885506076,1.9285861412032888,0.45159871764755405,0.4630443659195687
1360,0.10693621207200353,0.08424091697311539,1.8899539846912168,1.9339026481072001,0.4504396408701275,0.4618559126523598
1361,0.10675951943754577,0.08404770864904769,1.895364232234617,1.9340721245229318,0.4518487369568294,0.46067169448901013
1362,0.10685093070067966,0.08473787910305025,1.893070774944154,1.93167951775277,0.4507122422642094,0.4595136928072231
1363,0.10661346550589029,0.08464799224800638,1.8907854787371823,1.9318543443659775,0.44955890592561243,0.45833783426534047
1364,0.10633535250331963,0.08454043960151444,1.8897339694067385,1.93080288864131,0.44840967069188736,0.4597225187581467
1365,0.10617015383316891,0.08434585506190675,1.887461760781172,1.930979604692062,0.4498183258035593,0.4585484762820726
1366,0.10593252492940444,0.08423016606064418,1.8903001286695693,1.9286044390379211,0.45377323335649955,0.45737860254248186
1367,0.10644818396617876,0.08399906639324203,1.8905708158071184,1.9262466063478436,0.4526221516763423,0.4587704893954305
1368,0.10681027391585711,0.08501877645069814,1.8900872111226625,1.924650465781982,0.4522319410433162,0.45938637904140167
1369,0.10709935826315915,0.08601550189177729,1.8887832401098963,1.9213384483789158,0.4510817054438558,0.45822744851433533
1370,0.10693195144977806,0.08589459547723982,1.8839837104459098,1.9164561936650208,0.45501761462810963,0.45706306067707914
1371,0.10804698182595973,0.086795173041462,1.8842782212537694,1.916668272106677,0.45430591333390485,0.45800437368922964
1372,0.10778114112115597,0.08657146370143137,1.886105232850259,1.9178820512521986,0.45468733895848457,0.4603813210572532
1373,0.10764473535512778,0.08641937529566096,1.8877226659527357,1.9192946659058252,0.4547814178034831,0.46303586998899093
1374,0.10712101226670757,0.08680202541782411,1.8854759059152417,1.9169679994848186,0.45616657005004174,0.4644481879785254
1375,0.10669625882229551,0.08660137369003187,1.8857654681718248,1.9247631251334523,0.4550132003381308,0.463273879057318
1376,0.10652352901761655,0.08640618671251586,1.8911057472663393,1.9249531636102333,0.45638976550590526,0.462103710008369
1377,0.10629455094036538,0.08607864936847524,1.8913805249495175,1.927665876830587,0.45523813702925237,0.46093766328288494
1378,0.10604117113209718,0.08578015901007523,1.889807051846815,1.9271746796327909,0.4559378461358848,0.46297008221099323
1379,0.10594422893601432,0.08652813663040812,1.8949959635548221,1.93251987359933,0.4560175098149229,0.4630965829846541
1380,0.1066419587745201,0.08621719976507829,1.9027987891197835,1.9276667667261114,0.457391807469991,0.4644507962974597
1381,0.10616875442946327,0.08607318492506802,1.90052981110196,1.9228220177387374,0.456242257903477,0.46328350557901843
1382,0.10579263694308784,0.08561040975204617,1.9007795567727495,1.917994275075847,0.45509674355385227,0.4621203123535073
1383,0.10539017232274524,0.08535674124703957,1.8985201769145215,1.9181999658930506,0.45646349686551513,0.46096119931862634
1384,0.10509112752096583,0.08516095244395036,1.8937629742429938,1.9133934507381256,0.45782545937517166,0.4598061492561967
1385,0.10477433182864831,0.0850255242279921,1.8983593123929372,1.9167895599465747,0.4573554876944011,0.4629855466219855
1386,0.10458205402594759,0.08481504721798624,1.9031574320373175,1.9149544401849525,0.4568034153397753,0.46623756103182606
1387,0.10448367324313844,0.08453739369033397,1.903903905313652,1.9171606029979686,0.4556622123628008,0.46757102585256216
1388,0.10411608667346979,0.08431155229248463,1.8991522570620585,1.9198630880935459,0.45452499816378156,0.4664040903568749
1389,0.10385371451066557,0.08404427225090395,1.8994036951974536,1.9225561340972457,0.4533917559642107,0.4652412306695527
1390,0.10371624606344862,0.08473631266861067,1.8971635027037719,1.9202582745958447,0.45475322211318475,0.46659542573452417
1391,0.10347926400419147,0.08453642253968076,1.899654583177029,1.92070976039524,0.4603272647516134,0.4686818790025846
1392,0.10351567850492137,0.08417241273013276,1.8999040194578978,1.9209068582109887,0.46192758258561006,0.4675168405931553
1393,0.10317205283605638,0.08399349373977578,1.9001525870040452,1.9260698535447447,0.4657470654911505,0.46635585977035393
1394,0.10317205283605638,0.08354944175566954,1.8979194795244367,1.92377245025285,0.4645916355445283,0.46519891952083636
1395,0.10293917405900198,0.08338845170095752,1.905607459868888,1.9289180280312814,0.4659185543511225,0.4640460029134403
1396,0.10278026088017764,0.08321831392715827,1.9047769264793974,1.940061665121241,0.4692461756501974,0.4658434856385441
1397,0.10245290104757794,0.08312090249866644,1.9033829139918224,1.936892693212027,0.46808555217479236,0.4671646569602909
1398,0.1021081135284379,0.0828754049961519,1.9060925522929202,1.9444613450092172,0.47187076956269774,0.4660103367663327
1399,0.10244742077863561,0.08364958370855403,1.9027430005536612,1.9432429213294333,0.47385221427682206,0.4691192348292073
1400,0.10214743999141424,0.08418251350681585,1.9075098168883813,1.9487197775930571,0.47401793286054533,0.4691049391122277
1401,0.10196976344624983,0.08403675661137945,1.9028106571031946,1.9463826017699997,0.47285018735914125,0.46794929679500785
1402,0.10162277003851165,0.08448519630585824,1.9091395152227877,1.9527300986129799,0.4716864828910189,0.4669686982585492
1403,0.1020358501785496,0.08448281961665906,1.9069043204330662,1.950387732763984,0.4705653269252184,0.470737782673819
1404,0.10195680284721645,0.0843353375219871,1.9046768496397462,1.9455973357921104,0.4694095594440639,0.4695815916197092
1405,0.10182195681598369,0.08421510253030949,1.9050467240718096,1.9480485097485323,0.46825778302534726,0.47088306365523647
1406,0.101777941889841,0.08496610736271076,1.9039068683382319,1.9470972429865503,0.4682865908348009,0.4710275587754561
1407,0.10158713843133806,0.08485956915296224,1.9016934100088425,1.9496755576992517,0.46713986555664233,0.46987412150236607
1408,0.10127821153077646,0.08466265775481471,1.9019338994434138,1.949798667418296,0.46803983726934145,0.4715745543529059
1409,0.1009554677193419,0.08447957098225259,1.9070613117535005,1.9548091041953102,0.4668960061848065,0.47286596034543166
1410,0.10076236973885035,0.08422666111907513,1.9062152273434876,1.9535509898752976,0.4657561109463946,0.47415292269646375
1411,0.10135968835026031,0.08419528437543107,1.9064439677117726,1.9585422639061771,0.46706466074813113,0.4729964672177238
1412,0.10104097565012327,0.08394278668339002,1.901798812424602,1.9635163876449062,0.47079974177679806,0.47184398538362793
1413,0.10128440214461143,0.08478846568275113,1.902037845851038,1.9636051931174807,0.4713532162200103,0.47143013386345156
1414,0.1016248028615821,0.08561923231768692,1.9039833129053176,1.964418126691373,0.4702070329175957,0.47028376352143364
1415,0.10225953389574033,0.08536002155279744,1.9042088390682004,1.9620830310041522,0.4690647795984014,0.471578302901692
1416,0.10196107229168878,0.085118765224871,1.9044413077485702,1.9621750489696965,0.4679264400140339,0.4704338634283607
1417,0.10174398801801961,0.08572211244192736,1.9070973829563043,1.964691154352179,0.4679884189774497,0.47052684399294137
1418,0.10145368781402142,0.08544187622027839,1.909744370457288,1.9599327130713529,0.4692769400070311,0.46938723772290086
1419,0.101254633762396,0.0852120042361258,1.907855200477993,1.9572980899370764,0.4681414969894833,0.47067108635168764
1420,0.10099890940567108,0.08576966514131078,1.909247122855272,1.9586492511271592,0.46825787806032587,0.47072261943538696
1421,0.10080177393466616,0.08556240809564308,1.9109412745249406,1.9596888175219955,0.46860217291067446,0.4729403940936321
1422,0.10048896677420933,0.08539159634216463,1.906331490403703,1.9621983713393023,0.46747175886569126,0.4717995149111848
1423,0.10107579609087015,0.08517265063190274,1.9089671217236162,1.964699369084373,0.46634933941581214,0.47308242859110866
1424,0.10166396276957179,0.08502692207438572,1.909186282551457,1.9647843550327606,0.46763744140695473,0.4719434869400254
1425,0.1020755525580529,0.0848087653741044,1.9142148664918417,1.9648690516392802,0.46892815524491926,0.470808422912374
1426,0.10184033043381184,0.0846230229711124,1.916823661530316,1.9673561408422144,0.47260683209255616,0.4696772205778962
1427,0.10166978004574885,0.08440563169673312,1.9122227494317143,1.9626339366810697,0.4738727229805098,0.46854986408185356
1428,0.10173601937235423,0.08508793668719071,1.9148311089522603,1.965121416214343,0.47273644380375895,0.4674263721124539
1429,0.10131023972012794,0.08494337549792691,1.9126396461176076,1.967600450795209,0.4716040114487111,0.4663066599465721
1430,0.10180319607704319,0.08472696968920576,1.912848707238952,1.9676779858072229,0.47527275618302195,0.46758625651499086
1431,0.10163218454657445,0.08458987432119466,1.914706449980285,1.9732779595698375,0.47597742341063193,0.4694088934224819
1432,0.10208174978511535,0.08551752795327526,1.9108205365856499,1.9702664771949419,0.47484064928091924,0.4682878069643516
1433,0.10190837848727813,0.08614818553831367,1.914490532626219,1.9740379602499607,0.4749412308828313,0.46832697170007537
1434,0.10161114318260378,0.08598919913613969,1.9146943475187421,1.969332769736421,0.4738091913683754,0.4672106975103941
1435,0.10149099727565651,0.08584366488617516,1.910135166103379,1.9717869467635432,0.47268097888761346,0.4660981970573016
1436,0.10098511622931185,0.08577098207447136,1.9151064815580858,1.969475285555234,0.471556577817565,0.46498945493539046
1437,0.10069196385586916,0.08561267085696062,1.9153082221835473,1.9647950321833485,0.4704359726088821,0.46388445581186044
1438,0.10050422733269092,0.08543714489684577,1.917883303116473,1.9672526303958664,0.4699710077611948,0.4668793662178208
1439,0.10165826310345003,0.08522062871145561,1.9180780550204635,1.9649586475816707,0.4688564183649849,0.4657720926796056
1440,0.10157423743916169,0.08517812015363135,1.9182721508485723,1.962672392685746,0.46774556736151535,0.46466854929985296
1441,0.10142308368842444,0.08506291440769545,1.9179936388050076,1.9632326982194694,0.4666384559375949,0.4659356303926728
1442,0.10132174005785786,0.08493202478412684,1.9134584589011385,1.9609550923466803,0.46553506888514395,0.4648339052019834
1443,0.1011542519534606,0.08478847827048984,1.9113007052285982,1.958685143057304,0.4644353910675104,0.46373588365946306
1444,0.1015544884390662,0.08457093941729611,1.9091502001402016,1.9564228192530029,0.46837713196070135,0.46264155072220103
1445,0.10168105706324787,0.08415799677925455,1.9116312112471627,1.9542587144786547,0.46740707206193316,0.4639536644320779
1446,0.10148874486044979,0.08396739342055416,1.908688635380257,1.9528069246164554,0.4663062795710731,0.46521610956013976
1447,0.10120826359545453,0.08375667130559553,1.9059256982652366,1.9511902270180606,0.46520917721263577,0.466474322655609
1448,0.10088324460817667,0.0842285729801073,1.902625172563371,1.9477753903598705,0.46411575003645406,0.4654354179721273
1449,0.10065740372139427,0.08395572085344155,1.906394586214718,1.9514013929015925,0.46418130996501494,0.46788332516347064
1450,0.1011193233231215,0.08388223707317197,1.908952524523547,1.9515227258551695,0.467849722940649,0.46915351796331983
1451,0.10099665657026004,0.08453997218391156,1.909096402225256,1.9517058046405897,0.4667533833856087,0.4680584228618899
1452,0.10085909889073034,0.08442620129825135,1.9069681928535067,1.9518188621325272,0.4656607061707552,0.46696269052852857
1453,0.1007089569106117,0.084267170097932,1.9095244404550566,1.9495928659011932,0.4669103528226955,0.4658706159430752
1454,0.10050600520395066,0.08484858157737284,1.9085831396959663,1.9485269775550649,0.4658194920445856,0.46479661848916726
1455,0.10032789898232264,0.08470720152724501,1.909277673823945,1.9504999525724118,0.4665851044506807,0.4665269519725868
1456,0.10089547546419728,0.08449580662388882,1.9094910906844407,1.9552768297302041,0.4678303748502116,0.4677727177637812
1457,0.10074710940763794,0.084339165010655,1.9054028064631097,1.952692094594019,0.4687104086804585,0.46937202654151733
1458,0.1005820710568213,0.08419897139269876,1.9032959231584305,1.9551291927839154,0.4676197138784003,0.4682797921466772
1459,0.10037801568551395,0.08388439771119366,1.9035207297982732,1.955233503333447,0.46885733102082483,0.4671911885425998
1460,0.10017816431183917,0.0844604098327795,1.9025314362295538,1.954228458062057,0.46887748353704,0.46733594996218303
1461,0.09993429414194631,0.0843601854909424,1.9027575673468664,1.9520146083956027,0.46778966829555735,0.4662517111426376
1462,0.09973347911286351,0.08493718523111704,1.9018350168802332,1.9509560340184453,0.4667054615796286,0.4651853996021433
1463,0.09949138956193006,0.08546432634692823,1.902062308680881,1.9510695907164102,0.46681222588211635,0.46529199746368805
1464,0.09925945558232162,0.08535630689192217,1.9040036033079855,1.949468015495903,0.4657324463267318,0.4665288261867323
1465,0.09965433992520072,0.08615366866380314,1.9009206540250727,1.9482679997894816,0.4663086367555778,0.4661091804434872
1466,0.09946749213494183,0.08596648564996469,1.8988409054617312,1.9553128324445934,0.46523217712172077,0.46503318124860077
1467,0.09914708559946293,0.08643211746656937,1.8967680318465563,1.9531097253623726,0.4641592759007971,0.46396888315340823
1468,0.09939285384641687,0.08621951536548728,1.8970058636384382,1.9555216118581384,0.46308991885684403,0.46289996474730233
1469,0.10003179779744686,0.08607848704639814,1.9018569701596857,1.9625176977845349,0.4643172363880703,0.46415802878049267
1470,0.09976417034776162,0.08591529252394177,1.89838525096849,1.9663012541784959,0.4634749363982498,0.46746403721577023
1471,0.10023533599700529,0.08570559797255099,1.8986186556517974,1.9617847452475317,0.4624417420950177,0.46639029254185366
1472,0.09994175792724176,0.08606716491146349,1.8965566305248662,1.9595777753622237,0.4613805950935123,0.46572867154898345
1473,0.10033824418445259,0.08571730202336973,1.8967937607352405,1.9573780705295538,0.4603322803101125,0.4646610503140789
1474,0.100125795495668,0.0854913804088966,1.8983555494225743,1.9561502394610213,0.45927808430996286,0.4658870173027571
1475,0.10068226923985298,0.08528311502050966,1.8963003030322652,1.95167498384409,0.4582273537550808,0.4648211669151029
1476,0.10055132244606121,0.08510047307232564,1.8971662265401752,1.951156512913297,0.45816559571787663,0.4673442982332347
1477,0.10034994744217744,0.08499495215438482,1.9019674508215576,1.9489848168891837,0.4594027208445325,0.46627725012854726
1478,0.10059085099027475,0.085630582344514,1.9062617109869888,1.949592393179572,0.45835485347001886,0.4652139134076281
1479,0.10114194923617209,0.08556124335812657,1.9019179993530502,1.949707254694611,0.4595966530028491,0.4641538516772309
1480,0.10099379803143511,0.0853304742281746,1.9021412709520436,1.949821739937449,0.45855043780606397,0.46309726257872835
1481,0.10075746692084023,0.08504722619344308,1.902363811648726,1.9453876471116616,0.4620558507907692,0.4620441323322126
1482,0.10056982989661829,0.08495438058119227,1.9048574530213986,1.9455117170212242,0.46100613905727766,0.46099444722105126
1483,0.10033143036225561,0.08548402013871938,1.9016548314429633,1.9422452604848979,0.4599598588924871,0.4599527103221046
1484,0.10096036507298418,0.08534611807420395,1.904145097980271,1.9446434967660786,0.4589238587726537,0.45890986434248976
1485,0.10159020302204586,0.08500381982263686,1.8998329404968612,1.9425030814014632,0.4578843854906108,0.46013622189831554
1486,0.10137395289332662,0.08489557669162373,1.8977968349483987,1.9471587021321184,0.4591110627558389,0.4590950442837925
1487,0.1010544273264727,0.08535314054907106,1.8968865239289812,1.9461589929453735,0.46146768737058286,0.46145596511504783
1488,0.10083057835614419,0.08517884180831152,1.8967959087220583,1.94434581029285,0.4642951202408131,0.4633190660596053
1489,0.10063281030208035,0.08573336409915822,1.8936496364684428,1.9410825196474966,0.46438054313465993,0.4634152200002387
1490,0.10036197104096113,0.08550981410302089,1.8938893211069097,1.941215303537544,0.46333395637278885,0.4623708088127502
1491,0.10008238706020056,0.08532837226141765,1.8963797004921463,1.9390961817952739,0.46904519390337746,0.4613297929790049
1492,0.0998472971851664,0.08526039666623936,1.8966127657159362,1.9347347208874535,0.46799020638062516,0.46029215911814714
1493,0.10047290624298301,0.08505700668857305,1.89909204980651,1.937128345878464,0.4691879778970492,0.45925789391037714
1494,0.10085055548434006,0.08491965251488112,1.8971101005298954,1.9372332064347944,0.46817104703944173,0.4627164434065769
1495,0.10139349938132684,0.08485192003036378,1.8973408296938656,1.9373739600935984,0.46936425226647716,0.46392309551966565
1496,0.10200648170529047,0.08471623175766793,1.9020513007184707,1.9375142577464615,0.4705761597023305,0.4628837942720116
1497,0.10184749148153453,0.08451428647170867,1.9000325048945883,1.9421301122992591,0.46952300764183347,0.46184785776809556
1498,0.10308630662142045,0.08451428647170867,1.9069633150989915,1.9377879586405982,0.4684732628113783,0.4608152727972677
1499,0.10293152448571734,0.08428732931691285,1.9116381837379604,1.9401604453704813,0.46742691184184626,0.45978602620895015
1500,0.10280807345379894,0.08412581709852146,1.9118353456000958,1.9492191718704956,0.468615243026361,0.45876010491232994
1501,0.10245334274492834,0.0838591920589,1.9120318709110462,1.9515614373780792,0.46757066618342175,0.45773749587605317
1502,0.10237239090988401,0.08451221918523791,1.913347861800432,1.9527760462956563,0.4676495591409394,0.45784139328264706
1503,0.10215781671608525,0.08432725550838009,1.915193117912616,1.9556778487658184,0.4680075912542095,0.45987373304497875
1504,0.10201047975913671,0.0842283260906501,1.9131591980156142,1.9579987442803295,0.4669674938876876,0.4588517123179413
1505,0.10254066405107917,0.08402858574535654,1.9089937607028826,1.9624502332428932,0.465953552603953,0.4622733280401906
1506,0.10234360698164607,0.08392085579660195,1.9056887697975955,1.9593864938146819,0.4649200891163395,0.46346598099600733
1507,0.10217388362126802,0.08377463813092384,1.9058977386826839,1.959476482664248,0.46388994845897247,0.464654799289678
1508,0.1022570444415557,0.08362545050723923,1.9061060361460287,1.9551391375770104,0.466467929330707,0.4636262754830436
1509,0.10199530096522857,0.08343703520488269,1.904102354821472,1.9552383388499903,0.4676477341255178,0.462601054071088
1510,0.1015864562122232,0.08333031904121636,1.8998960027291119,1.955337221825771,0.46882375339872745,0.46157912218449965
1511,0.10147586071649764,0.08320298548681533,1.9011796021578824,1.9565799987883217,0.4689061443853242,0.4638572163039641
1512,0.10117508793482742,0.08305015920614021,1.901397470105054,1.9588804122521988,0.46787235357569235,0.46283455679536445
1513,0.1008646045330684,0.08350961677652062,1.9015490611732344,1.959036556690592,0.4668418729462221,0.4618151718246944
1514,0.10078718822366205,0.08337843248853309,1.9017656809062944,1.9591266877778184,0.46581468962929323,0.46079904866288535
1515,0.1018390500552701,0.08429335261360417,1.9023801179762663,1.9610161025157045,0.4669888726671934,0.4619842565010751
1516,0.10155289499410945,0.0842050136717168,1.901123480275121,1.9581809366582072,0.4659634188694382,0.46316567712951967
1517,0.10147510690417601,0.08400692874372966,1.8991466946373747,1.9560789846445168,0.4649412395407463,0.46214963517912344
1518,0.10130317209079852,0.08383166355458432,1.899367714402372,1.9539837399547648,0.4639223219838912,0.4611368354162043
1519,0.10175668895925724,0.08363495699585606,1.8973987222956246,1.9518951765964678,0.46290985152444175,0.46012726527651093
1520,0.10153351101796076,0.08353406234514353,1.899247001679169,1.9503765093704084,0.4618974126532849,0.4613080311217652
1521,0.10153925661575502,0.08374399297339669,1.8988644619278763,1.9489026788075037,0.46171671038121836,0.4619132688856671
1522,0.10173564088947107,0.08355794663540474,1.8990852154227817,1.949014211434398,0.463044482222184,0.46090502815848533
1523,0.10154398551849667,0.08339384474220898,1.8981764139266677,1.9480736750148975,0.4620347825449151,0.46208056104999806
1524,0.10120655315544498,0.08320140066728052,1.8978837805460225,1.946522847468761,0.463206679447858,0.46543074609729
1525,0.1011648618375111,0.08316026997090958,1.9002822175106813,1.9488154355819332,0.46219864417657314,0.46441787078865726
1526,0.10103695887708687,0.08305570932522359,1.8983249720585658,1.9489267126392573,0.46119380794112036,0.4634082098758875
1527,0.10284485910611559,0.08292625187896815,1.898545796238637,1.9490376367966764,0.4601921585632879,0.46240175096403946
1528,0.10256016359584455,0.08274700201746543,1.8965962288643998,1.9469785176940475,0.46136337516730275,0.46139848171360914
1529,0.10242360906887221,0.08248980548487947,1.8959901465856825,1.9457561322121637,0.4603633593881947,0.4625659129531232
1530,0.10215875176581998,0.08236165653659272,1.8962153650158478,1.9480389462064163,0.459366508515865,0.4615642927667337
1531,0.10185167841687688,0.082297656764623,1.9007662559469671,1.9546409251594299,0.4583728103763781,0.4605658403970611
1532,0.10166172830425994,0.08207320889969766,1.9009807030734218,1.9504168869186969,0.4595432831377649,0.45957054366651
1533,0.10135692559419206,0.08189596516563205,1.8990356025588886,1.9483650600932603,0.4585511887749973,0.46073726078930444
1534,0.10112577535236575,0.08175895237162231,1.8975308964075488,1.9458854540575135,0.45885770955230404,0.46276152417169625
1535,0.10086100397424712,0.08221851523700527,1.8988502133568483,1.9470580624042755,0.46217818832609747,0.46617305339776344
1536,0.10067386833607149,0.08211517746921335,1.895666333555403,1.9441163994666542,0.461183394407485,0.4673220643495668
1537,0.10037357072782159,0.08186181852865682,1.8937404251370888,1.9463868154004031,0.46019173384327666,0.466317204097399
1538,0.10019422456774434,0.08166923662422879,1.8939686816408503,1.9465019820391556,0.45920319463292786,0.46746360967324974
1539,0.09986996211384477,0.082052892423156,1.8951923105450474,1.9477666519526131,0.45921385520047253,0.4677473842310991
1540,0.0995931446919934,0.08198984045464641,1.8975608094383511,1.9457348193651995,0.4582293874797884,0.4667446222368885
1541,0.10003556520872052,0.0818008898256022,1.8977802002028736,1.9458510373809916,0.46154108528972515,0.4678890193607462
1542,0.0998873379248833,0.08167536878091082,1.9022779576476903,1.9438273629081897,0.4605536053636722,0.46688795785405646
1543,0.09970962934429406,0.08221194205396841,1.8993284796667758,1.9406936060615587,0.45956922305291753,0.46590207991663635
1544,0.09957272703697802,0.08200559515749933,1.9016786917201554,1.9386849873132208,0.45858792653762814,0.464907261150377
1545,0.09931183385359205,0.0818779203020385,1.9040215414548873,1.940948898226353,0.4594624890704531,0.4663290111764996
1546,0.09917398734237999,0.08167461482212039,1.9020950836099468,1.9410747353364743,0.45848338063560184,0.46533527027464167
1547,0.09895437698847917,0.08148639971704061,1.900174652412707,1.9390713220450038,0.4596361919395827,0.4643446381489956
1548,0.0988228506892479,0.0813825711672815,1.9046404117599889,1.9370741718824889,0.4607853992913043,0.46335710296634025
1549,0.09876494618498474,0.08129956270247775,1.9069676163335043,1.9329586577440798,0.4619310164003779,0.46237265294575225
1550,0.09863122592716146,0.08114406089613463,1.9114100351593741,1.9331009516346442,0.4630730569158583,0.46139127635834587
1551,0.09884805766345683,0.08189315915224409,1.9109578308933703,1.9317624900039614,0.4620912495268368,0.4604132626781559
1552,0.09936519001954817,0.08176854306070709,1.9111464434904795,1.9297887943394036,0.4632324209123145,0.45943799733940105
1553,0.10069045780648103,0.0816442502057541,1.9092183466013626,1.927821247964494,0.4622521898347487,0.4605819069781685
1554,0.10039466680318193,0.08140851363536045,1.9072962528552972,1.9237458207823486,0.46338899234950504,0.4596082337056671
1555,0.10013736881671041,0.0818878347749353,1.9053801395001673,1.9217949676862662,0.4624103639973358,0.45863758991433695
1556,0.09991856118644941,0.08239211636703624,1.9066143517470577,1.9230351614463461,0.46246936335268085,0.4587534892701252
1557,0.10108819383411587,0.08232979562678533,1.9068111767487745,1.9210897055210734,0.46360409351986925,0.4620019379193573
1558,0.10127671702258821,0.08302188734614176,1.9078663917043717,1.9203968568984617,0.46411028847572283,0.4616525067371488
1559,0.10090815750760693,0.08275239620990464,1.9122671175993804,1.9163573729270096,0.4652375127223114,0.46068143771324027
1560,0.10141437085742126,0.08268990736547356,1.9124514760316083,1.9165331362573899,0.4642614400180028,0.4618153112595508
1561,0.10130642383006931,0.08260246906654264,1.9126352631811958,1.9167083549392927,0.4635086910562987,0.4648225047716833
1562,0.10123273981331746,0.0824161734109228,1.9149156433945405,1.9168830310280989,0.4625366381544451,0.4638476965893804
1563,0.10104303573988503,0.08229149876137698,1.9184980273143464,1.919938238229178,0.4636626594112341,0.46706603716866385
1564,0.10088581572430841,0.08216488894185625,1.9148706779874825,1.9176248197648298,0.4626922264209092,0.4681814530614443
1565,0.10073018432052006,0.08198873952490433,1.9149941058133264,1.9157607436429782,0.4631005233980071,0.4700085710662294
1566,0.10059068022283249,0.08176407062028646,1.9132752710540435,1.9136555154370936,0.46213320351834,0.47111561202031665
1567,0.10037186381756513,0.08164162205632575,1.9134562397671215,1.9138356906932477,0.46116886898391374,0.4701325338711602
1568,0.10026268240431653,0.08223558907597883,1.915726705019724,1.9160944893813945,0.4612525359041839,0.4701965172495024
1569,0.1006912990334257,0.08187049728989276,1.9179847402801333,1.9121041587707177,0.4603104748427949,0.46921731733727884
1570,0.1009587729907586,0.08168859599601667,1.9180915333374313,1.9102704057496638,0.4613836125689434,0.4704492566160373
1571,0.10086737075452284,0.08159046473852227,1.9265752592813252,1.9104568972628602,0.46042468559740374,0.4694714878600166
1572,0.10076675617141119,0.08138363135736369,1.9271735015761267,1.9122733193773613,0.4594687080888831,0.47057302159854025
1573,0.10058593484802299,0.08191328658134696,1.9273245597426354,1.9124552837971198,0.45953035920034146,0.4706584709861977
1574,0.1004090291531423,0.08167045679485699,1.9274751539118096,1.9084923960110074,0.45857814491159365,0.46968319761802857
1575,0.10075214168095634,0.08155021634425444,1.9296406772539845,1.908736507756152,0.4576398870493235,0.4708356775457061
1576,0.1011236151766924,0.08231750252584774,1.9312718750640252,1.90950755346177,0.45669351187982093,0.4698620133958694
1577,0.10099888058517746,0.0828837003445378,1.9335989650298981,1.9116412825921125,0.456753189888866,0.46998145207460057
1578,0.10085753471052769,0.08343402013968301,1.936992604274282,1.9147586718895213,0.4567888512403611,0.4701007541575724
1579,0.10068779756599543,0.08330016123254856,1.9365814547259166,1.9154754824005789,0.45584703861355236,0.4711933066559875
1580,0.10036925716693988,0.08366844627744478,1.9336738537259002,1.9125085563234894,0.4569678582101529,0.4723836301022258
1581,0.10017713490664715,0.08349775149665647,1.9354508796770098,1.9151634241579636,0.4572649776689474,0.47428957579975284
1582,0.09997653754005316,0.08337777262806356,1.9376392047433324,1.911226546049495,0.456325007503662,0.47331460926452784
1583,0.09979908721433535,0.08327815163974678,1.9345408111161422,1.908474563131441,0.45538790714357485,0.4743962003699789
1584,0.09958627717550084,0.08375577546857861,1.9378808082222352,1.9116112097513476,0.45543662576472815,0.47452393977884844
1585,0.0993739958682328,0.08359608525031641,1.9339091642725497,1.917940794419829,0.45655269638234575,0.4735514134364608
1586,0.09931674334092637,0.08349842950304658,1.9319970511201854,1.9201562343338796,0.4597127958889478,0.47258185031341554
1587,0.09981425435282036,0.08349790024467973,1.9280453770575776,1.91827416234901,0.46287167539275775,0.471615239396872
1588,0.09970741262116462,0.08407398475676642,1.9292093235751655,1.919467575776457,0.4639692104911,0.47270408297359023
1589,0.09956743740818627,0.0846189155059212,1.9304033621146717,1.9206237289299746,0.4640138744214589,0.47279020166707436
1590,0.09932593883832216,0.08502892604017519,1.9316062354106833,1.9217639056672104,0.46410103263744656,0.47295714194866323
1591,0.09995103965819445,0.08478279352162836,1.927671132649794,1.9178488538764604,0.46319472807850315,0.47199362520236904
1592,0.09987063849729773,0.08467954451331706,1.9257831533547234,1.9180160463841163,0.46225204265322734,0.4710330324228546
1593,0.09976360045681788,0.08523694060957586,1.928039468874025,1.9201436051668825,0.46131221606072237,0.4701229895625382
1594,0.09952057485889106,0.08513519411529126,1.928974987440176,1.921547559679971,0.46161699468224165,0.47198858933495136
1595,0.09932504813347547,0.08496775726406296,1.9267243927000954,1.920043286350082,0.4606803344310142,0.47305996951865736
1596,0.09911855126747784,0.08487374058385912,1.9272534828893748,1.9198248068423938,0.4609503158132036,0.4749513575452856
1597,0.09936546771898509,0.08566614040193266,1.9261441775008705,1.9171937211209051,0.4600169367670965,0.473997338630497
1598,0.09912136900976615,0.08543679633941821,1.9303396026597845,1.9173612388152195,0.4611093263653978,0.4730384386249256
1599,0.0989218671796675,0.08534212827421973,1.9320063504264486,1.9160022853870453,0.46017743126200633,0.4741034201176917
1600,0.10005278095665397,0.08521807999903372,1.9341625827889504,1.914152918296489,0.46126911570320056,0.4751652014433143
1601,0.09991227230781588,0.0851138114397576,1.9342953733848238,1.912309120105699,0.4623557074647191,0.47420681830936323
1602,0.09968576108368701,0.08489037099836652,1.9344277636925487,1.9145007424878182,0.4614240924850303,0.4732513241556736
1603,0.0999665714182574,0.0847678251028628,1.9365726725460615,1.9126599280669174,0.46050039104376983,0.47229870834931986
1604,0.10023684232800176,0.08528166169225712,1.9372542313742436,1.9142924536731942,0.46013245099835837,0.472809913176328
1605,0.1000466295589889,0.08511131934516687,1.9393891766186633,1.9144646311815345,0.4612169885146526,0.4718600874461765
1606,0.10031972561901716,0.08586532262333593,1.9463500113273522,1.9198384214081847,0.46089043428239573,0.4723305981945738
1607,0.10051952949490166,0.08656021385748865,1.94584898935282,1.9186028379818398,0.4599664688460111,0.47138390255323553
1608,0.1003611812401901,0.08636640262450689,1.946960276707165,1.9197659149594761,0.4590452121738304,0.4724426560489345
1609,0.10021631279878628,0.0861866040921174,1.947066402617432,1.9199264534159526,0.4598965346684004,0.47372929385235163
1610,0.09996402852315266,0.08609559258884258,1.9451733341815325,1.9260831389399793,0.45897725845803744,0.47278236766969506
1611,0.1001005736312491,0.0860948613348165,1.9452828163587774,1.928227620176868,0.4600710668479722,0.47183827883622736
1612,0.10002523310933267,0.08602808231588006,1.9463947721976644,1.9293628785233987,0.46014893360618353,0.47389112730835414
1613,0.09977486412953994,0.08593708510956785,1.9445087129413157,1.9354823159251924,0.45923190808890224,0.4729467151313026
1614,0.10004756245811813,0.08581354367632915,1.9406496784595506,1.9355984826484693,0.45833324641835554,0.4759869203331725
1615,0.10045872672373764,0.08581289743582976,1.9367899073031545,1.9337376645536954,0.45941771418475896,0.4750402267561112
1616,0.10033735146208099,0.08573801416914062,1.9428762569996443,1.931882403641358,0.4644656448706251,0.47409636040269626
1617,0.1008719079285481,0.08568761370251625,1.9449733620460252,1.930033894245673,0.4655409120518648,0.4751414584360684
1618,0.10062103325302742,0.08555477848855478,1.9447402256912671,1.9285319359018225,0.464617768200567,0.4761822261170664
1619,0.10055184251561688,0.0855315097962383,1.9408877595435117,1.928673511776043,0.4636973757491782,0.47523892485654623
1620,0.10103111285246484,0.08528629164701969,1.9410047418983742,1.9288146659683403,0.46277972467488565,0.47627875941139153
1621,0.10093148275007746,0.08584697193983705,1.941121376054186,1.9289554000138913,0.4618648049974211,0.4753529915523215
1622,0.10147879245367795,0.08566286523039442,1.9432126962500273,1.931070748413551,0.4629296639427334,0.47441415372057594
1623,0.10181619397024931,0.085479242864121,1.9393786230937848,1.9331798088150907,0.46201627643699283,0.47347810663976403
1624,0.101590225982432,0.0852654733429844,1.9473824605075796,1.9352826040691764,0.4630766890820021,0.47254484016826076
1625,0.10139198779938634,0.08515760365982589,1.9476600916653848,1.9372051358503548,0.4621648370160506,0.47358346095943643
1626,0.10128738385857428,0.08571204871114811,1.9487608449390432,1.9382980184049676,0.4612556900949237,0.4726712176180985
1627,0.10115291761801692,0.08552557330506012,1.9488615392275344,1.9384192740565842,0.46034923850587356,0.4737075148888023
1628,0.10111517891407437,0.0852494734409962,1.950925153441159,1.9346137339539344,0.45944547247764367,0.47277752364853604
1629,0.10086975509035627,0.08513523976089596,1.9470988897452852,1.9347419731616455,0.4585443822802704,0.4718502858855851
1630,0.10059485980428579,0.08501442137788379,1.9550397216303925,1.930951241453175,0.45764595822488574,0.4709257916299328
1631,0.10106516650279791,0.08489398493453756,1.951225470466574,1.931073971922023,0.45870922139793086,0.47197378962889347
1632,0.10089302961863696,0.08476722896309939,1.9532762243238821,1.933164129638032,0.4594488059928149,0.4733251272275506
1633,0.10071733768629473,0.08461797544956862,1.9533674957930403,1.9332946886091795,0.4596602930465288,0.4751983880271359
1634,0.10104795646063229,0.08443602546988717,1.9515070237106398,1.9314733880923567,0.46292783101457974,0.4742710506274159
1635,0.100944847241057,0.08499034668933428,1.9525745684634526,1.9325834995146105,0.46299834877623597,0.47433225837702403
1636,0.10141001937067635,0.08481031782428586,1.9488541929134895,1.9365275383591325,0.46211923058134546,0.4773036109786915
1637,0.10195001944979526,0.08469061521503991,1.9508993322185995,1.9366510321934023,0.4612201182072699,0.4763749554404183
1638,0.10169276342894987,0.08463083407264911,1.9529384523022808,1.9348304786566428,0.4603236520864131,0.4754490331063343
1639,0.10140017235284937,0.08434068761707839,1.950665748069247,1.935379365386075,0.459429822688789,0.4764675753268711
1640,0.1012021446726249,0.08408069142181453,1.9488216462490973,1.9335649160975186,0.4604784209473493,0.4755433233227496
1641,0.10159896175003229,0.08396231598235997,1.9469845245648811,1.9336920947532106,0.45959746534091106,0.47656121111495153
1642,0.10152976605761638,0.08454515416523721,1.9461378075062963,1.9328338881925564,0.45966947783145423,0.4766176799111413
1643,0.10180327408048626,0.08508856244900076,1.9473126674934669,1.9357610751884375,0.4587808092880442,0.47570182647997133
1644,0.10166611339431018,0.08496498406512017,1.9551426892840407,1.9416813585915886,0.4578944187429338,0.4747827435699038
1645,0.10146962026794726,0.08484635397723635,1.9571593951569917,1.9379336696400822,0.45701062499042844,0.47386635322883697
1646,0.10140107552546378,0.08476314247939878,1.9572420002598963,1.938053345719005,0.4579429248618547,0.47499553259085114
1647,0.10116280539142557,0.08519373591612577,1.9544326094359843,1.9352856181935696,0.4580215877199877,0.475049387688768
1648,0.10154955046676961,0.08593350404409099,1.957243106660033,1.9365360288844247,0.4585018562820167,0.47469842946972635
1649,0.10150431209402681,0.08580058469190535,1.95348046229854,1.9443477155098736,0.45762042289318355,0.4737858594558246
1650,0.10146772709719341,0.08575223776818676,1.9497288048557713,1.9444545956713823,0.45674156328918725,0.47287595414568157
1651,0.10133690493503394,0.08625680346044684,1.9489117334295103,1.9435561051140797,0.4577838478146235,0.47391398951583846
1652,0.10113710978997528,0.08610337360424808,1.9483605089488543,1.9423967704679967,0.45817394945335527,0.4755714619582652
1653,0.10160122301488708,0.08610287186141624,1.944629893024161,1.940592319811591,0.4611338029387811,0.4746608632979237
1654,0.10206543370664331,0.08604303386376803,1.9428311711520576,1.9445234247910053,0.460251731244387,0.47566848131207806
1655,0.1017714400674185,0.08582920950179505,1.942028299424416,1.9455415529369167,0.4621952641246965,0.47766924092899554
1656,0.10154169749835941,0.08623985921285808,1.9393005266236283,1.9427569243054477,0.4613129284700769,0.47678808030379066
1657,0.1014242203907581,0.08611412541335867,1.9356020816727217,1.9390518876497593,0.4604331574146549,0.47587879654707343
1658,0.10140446336358376,0.08603703428121166,1.9338195759680472,1.9353576130012717,0.461461138213118,0.47497215398374965
1659,0.10122087936205935,0.08589614239390836,1.9320227284147182,1.9374034545828074,0.46201519098449495,0.4764423793696445
1660,0.101612652550389,0.0857771118636165,1.9283492001035807,1.9337196954138118,0.46305138390005945,0.4755364766887396
1661,0.10193676270350582,0.08559907448062111,1.9322842787589183,1.9338455941472563,0.46407939607332904,0.47463320021022026
1662,0.10164096245404154,0.08592395240806155,1.9364576502976487,1.9375166166196294,0.46585787963008013,0.47690124858614874
1663,0.1022362572603782,0.08574646936872331,1.9365781071601196,1.9376350660058075,0.46497475555927664,0.4759971896650952
1664,0.10206745717589258,0.0862210071506958,1.9376643476459272,1.9386808399739637,0.4650218539225329,0.4760800417322809
1665,0.10228263830452845,0.08685635187838377,1.9400261755046917,1.944120581787647,0.4641420760173368,0.47517934684415314
1666,0.10214304059259913,0.08669291537451712,1.9401395269697117,1.9442261947608421,0.46326484024428555,0.4742812504568494
1667,0.101858623254363,0.08649182867517406,1.9390990669032155,1.94359686043004,0.46239013760068753,0.47527387398461807
